CAR 0.0 0 0.0 0 0 0 0 1.5 1.9 4.94 13.83 -24.8 -6.59 3.14
CAR 0.0 1 0.0 0 0 0 0 1.52 1.9 4.1 21.98 -19.8 -6.71 3.14
CAR 0.0 0 0.0 0 0 0 0 1.55 1.9 4.92 15.76 -17.67 -6.7 3.14
CAR 0.0 0 0.0 0 0 0 0 1.65 1.9 4.1 22.27 38.92 -8.19 3.14
CAR 0.0 0 0.0 0 0 0 0 1.4 1.9 4.36 23.24 -29.46 -6.61 3.14
CAR 0.0 0 0.0 0 0 0 0 1.65 1.9 4.1 26.84 39.24 -8.14 3.14
TRAILER 0.0 1 0.0 0 0 0 0 4.11 3.0 11.09 46.57 8.63 -5.51 3.14
CAR 0.0 0 0.0 0 0 0 0 1.5 1.9 4.1 48.81 15.2 -7.37 3.14
VAN 0.0 0 0.0 0 0 0 0 2.0 2.02 6.0 62.8 5.59 -6.31 3.14
CAR 0.0 0 0.0 0 0 0 0 1.7 1.85 4.1 37.38 35.36 -7.25 3.14
TRUCK 0.0 0 0.0 0 0 0 0 3.91 3.0 5.66 39.72 9.89 -5.62 3.14
PEDESTRIAN 0.0 1 0.0 0 0 0 0 1.7 0.7 0.94 39.68 -6.59 -6.46 3.14
