VAN 0.0 1 0.0 0 0 0 0 2.0 2.02 6.0 69.43 3.7 -6.31 3.14
CAR 0.0 0 0.0 0 0 0 0 1.5 1.9 4.94 13.81 -24.8 -6.59 3.14
CAR 0.0 1 0.0 0 0 0 0 1.52 1.9 4.1 21.91 -20.02 -6.71 3.14
CAR 0.0 0 0.0 0 0 0 0 1.55 1.9 4.92 15.68 -17.7 -6.7 3.14
CAR 0.0 0 0.0 0 0 0 0 1.65 1.9 4.1 22.21 38.89 -8.19 3.14
CAR 0.0 0 0.0 0 0 0 0 1.4 1.9 4.36 23.23 -29.53 -6.61 3.14
CAR 0.0 0 0.0 0 0 0 0 1.65 1.9 4.1 26.48 39.44 -8.14 3.14
CAR 0.0 0 0.0 0 0 0 0 1.5 1.9 4.1 94.35 -7.78 -6.88 3.14
TRAILER 0.0 1 0.0 0 0 0 0 4.11 3.0 11.09 55.07 7.36 -5.51 3.14
CAR 0.0 0 0.0 0 0 0 0 1.5 1.9 4.1 47.58 0.67 -7.12 3.14
PEDESTRIAN 0.0 1 0.0 0 0 0 0 1.7 0.7 0.93 41.61 -18.47 -6.09 3.14
