CAR 0.0 0 0.0 0 0 0 0 1.5 1.9 4.94 13.87 -24.8 -6.59 3.14
CAR 0.0 1 0.0 0 0 0 0 1.52 1.9 4.1 21.99 -19.79 -6.71 3.14
CAR 0.0 0 0.0 0 0 0 0 1.55 1.9 4.92 15.75 -17.7 -6.7 3.14
CAR 0.0 0 0.0 0 0 0 0 1.65 1.9 4.1 22.29 38.9 -8.19 3.14
CAR 0.0 0 0.0 0 0 0 0 1.4 1.9 4.36 23.23 -29.45 -6.61 3.14
CAR 0.0 0 0.0 0 0 0 0 1.65 1.9 4.1 26.72 39.35 -8.14 3.14
TRAILER 0.0 1 0.0 0 0 0 0 4.11 3.0 11.09 48.7 8.28 -5.51 3.14
PEDESTRIAN 0.0 1 0.0 0 0 0 0 1.7 0.7 0.94 39.7 -6.78 -6.46 3.14
CAR 0.0 0 0.0 0 0 0 0 1.5 1.9 4.1 48.8 15.18 -7.37 3.14
VAN 0.0 0 0.0 0 0 0 0 2.0 2.02 6.0 64.42 5.15 -6.31 3.14
CAR 0.0 1 0.0 0 0 0 0 1.7 1.85 4.1 35.23 30.13 -7.25 3.14
TRUCK 0.0 0 0.0 0 0 0 0 3.91 3.0 5.66 41.72 9.48 -5.62 3.14
CAR 0.0 1 0.0 0 0 0 0 1.5 1.9 4.1 25.28 -21.29 -6.7 3.14
