CAR 0.0 0 0.0 0 0 0 0 1.5 1.9 4.94 13.81 -24.81 -6.59 3.14
CAR 0.0 1 0.0 0 0 0 0 1.52 1.9 4.1 21.98 -19.86 -6.71 3.14
CAR 0.0 0 0.0 0 0 0 0 1.55 1.9 4.92 15.68 -17.69 -6.7 3.14
CAR 0.0 0 0.0 0 0 0 0 1.65 1.9 4.1 22.21 38.89 -8.19 3.14
CAR 0.0 0 0.0 0 0 0 0 1.4 1.9 4.36 23.16 -29.48 -6.61 3.14
CAR 0.0 0 0.0 0 0 0 0 1.65 1.9 4.1 26.55 39.44 -8.14 3.14
TRAILER 0.0 1 0.0 0 0 0 0 4.11 3.0 11.09 54.94 7.37 -5.51 3.14
PEDESTRIAN 0.0 0 0.0 0 0 0 0 1.7 0.7 0.93 39.94 -10.49 -6.1 3.14
CAR 0.0 0 0.0 0 0 0 0 1.5 1.9 4.1 49.3 14.53 -7.37 3.14
VAN 0.0 1 0.0 0 0 0 0 2.0 2.02 6.0 69.42 3.77 -6.31 3.14
