CAR 0.0 0 0.0 0 0 0 0 1.5 1.9 4.94 13.87 -24.81 -6.59 3.14
CAR 0.0 1 0.0 0 0 0 0 1.52 1.9 4.1 22.02 -19.77 -6.71 3.14
CAR 0.0 0 0.0 0 0 0 0 1.55 1.9 4.92 15.76 -17.69 -6.7 3.14
CAR 0.0 0 0.0 0 0 0 0 1.65 1.9 4.1 22.28 38.91 -8.19 3.14
CAR 0.0 0 0.0 0 0 0 0 1.4 1.9 4.36 23.24 -29.47 -6.61 3.14
CAR 0.0 0 0.0 0 0 0 0 1.65 1.9 4.1 26.67 39.31 -8.14 3.14
TRAILER 0.0 1 0.0 0 0 0 0 4.11 3.0 11.09 48.09 8.32 -5.51 3.14
PEDESTRIAN 0.0 1 0.0 0 0 0 0 1.7 0.7 0.94 39.64 -6.67 -6.46 3.14
CAR 0.0 0 0.0 0 0 0 0 1.5 1.9 4.1 48.8 15.23 -7.37 3.14
VAN 0.0 0 0.0 0 0 0 0 2.0 2.02 6.0 63.8 5.14 -6.31 3.14
CAR 0.0 1 0.0 0 0 0 0 1.7 1.85 4.1 35.98 31.83 -7.25 3.14
TRUCK 0.0 0 0.0 0 0 0 0 3.91 3.0 5.66 41.29 9.54 -5.62 3.14
CAR 0.0 1 0.0 0 0 0 0 1.5 1.9 4.1 25.29 -21.3 -6.7 3.14
