CAR 0.0 0 0.0 0 0 0 0 1.5 1.9 4.94 13.8 -24.79 -6.59 3.14
CAR 0.0 1 0.0 0 0 0 0 1.52 1.9 4.1 21.98 -19.84 -6.71 3.14
CAR 0.0 0 0.0 0 0 0 0 1.55 1.9 4.92 15.76 -17.69 -6.7 3.14
CAR 0.0 0 0.0 0 0 0 0 1.65 1.9 4.1 22.25 38.92 -8.19 3.14
CAR 0.0 0 0.0 0 0 0 0 1.4 1.9 4.36 23.27 -29.39 -6.61 3.14
CAR 0.0 0 0.0 0 0 0 0 1.65 1.9 4.1 27.01 39.23 -8.14 3.14
TRAILER 0.0 1 0.0 0 0 0 0 4.11 3.0 11.09 46.19 8.66 -5.51 3.14
CAR 0.0 0 0.0 0 0 0 0 1.5 1.9 4.1 48.81 15.21 -7.37 3.14
VAN 0.0 0 0.0 0 0 0 0 2.0 2.02 6.0 62.5 5.55 -6.31 3.14
CAR 0.0 0 0.0 0 0 0 0 1.7 1.85 4.1 37.87 36.44 -7.25 3.14
TRUCK 0.0 0 0.0 0 0 0 0 3.91 3.0 5.66 39.48 9.91 -5.62 3.14
PEDESTRIAN 0.0 1 0.0 0 0 0 0 1.7 0.7 0.94 39.66 -6.54 -6.46 3.14
