CAR 0.0 0 0.0 0 0 0 0 1.5 1.9 4.94 13.79 -24.78 -6.59 3.14
CAR 0.0 1 0.0 0 0 0 0 1.52 1.9 4.1 22.0 -19.85 -6.71 3.14
CAR 0.0 0 0.0 0 0 0 0 1.55 1.9 4.92 15.76 -17.7 -6.7 3.14
CAR 0.0 0 0.0 0 0 0 0 1.65 1.9 4.1 22.28 38.88 -8.19 3.14
CAR 0.0 0 0.0 0 0 0 0 1.4 1.9 4.36 23.24 -29.46 -6.61 3.14
CAR 0.0 0 0.0 0 0 0 0 1.65 1.9 4.1 26.7 39.33 -8.14 3.14
TRAILER 0.0 1 0.0 0 0 0 0 4.11 3.0 11.09 52.04 7.68 -5.51 3.14
PEDESTRIAN 0.0 1 0.0 0 0 0 0 1.7 0.7 0.93 39.76 -7.27 -6.1 3.14
CAR 0.0 0 0.0 0 0 0 0 1.5 1.9 4.1 48.79 15.1 -7.37 3.14
VAN 0.0 0 0.0 0 0 0 0 2.0 2.02 6.0 66.99 4.66 -6.31 3.14
CAR 0.0 1 0.0 0 0 0 0 1.7 1.85 4.1 30.02 21.23 -7.25 3.14
TRUCK 0.0 0 0.0 0 0 0 0 3.91 3.0 5.66 45.42 8.89 -5.62 3.14
CAR 0.0 1 0.0 0 0 0 0 1.5 1.9 4.1 25.44 -21.34 -6.7 3.14
PEDESTRIAN 0.0 0 0.0 0 0 0 0 1.7 0.7 0.7 68.83 31.93 -7.3 3.14
