CAR 0.0 0 0.0 0 0 0 0 1.5 1.9 4.94 13.81 -24.79 -6.59 3.14
CAR 0.0 1 0.0 0 0 0 0 1.52 1.9 4.1 22.0 -19.75 -6.71 3.14
CAR 0.0 0 0.0 0 0 0 0 1.55 1.9 4.92 15.75 -17.69 -6.7 3.14
CAR 0.0 0 0.0 0 0 0 0 1.65 1.9 4.1 22.19 38.94 -8.19 3.14
CAR 0.0 0 0.0 0 0 0 0 1.4 1.9 4.36 23.25 -29.47 -6.61 3.14
CAR 0.0 0 0.0 0 0 0 0 1.65 1.9 4.1 26.71 39.37 -8.14 3.14
TRAILER 0.0 1 0.0 0 0 0 0 4.11 3.0 11.09 47.49 8.51 -5.51 3.14
CAR 0.0 0 0.0 0 0 0 0 1.5 1.9 4.1 48.79 15.26 -7.37 3.14
VAN 0.0 0 0.0 0 0 0 0 2.0 2.02 6.0 63.48 5.4 -6.31 3.14
CAR 0.0 1 0.0 0 0 0 0 1.7 1.85 4.1 36.5 33.12 -7.25 3.14
TRUCK 0.0 0 0.0 0 0 0 0 3.91 3.0 5.66 40.99 9.6 -5.62 3.14
CAR 0.0 1 0.0 0 0 0 0 1.5 1.9 4.1 25.3 -21.3 -6.7 3.14
PEDESTRIAN 0.0 1 0.0 0 0 0 0 1.7 0.7 0.94 39.67 -6.66 -6.46 3.14
