CAR 0.0 0 0.0 0 0 0 0 1.5 1.9 4.94 13.84 -24.79 -6.59 3.14
CAR 0.0 1 0.0 0 0 0 0 1.52 1.9 4.1 22.01 -19.79 -6.71 3.14
CAR 0.0 0 0.0 0 0 0 0 1.55 1.9 4.92 15.75 -17.69 -6.7 3.14
CAR 0.0 0 0.0 0 0 0 0 1.65 1.9 4.1 22.25 38.92 -8.19 3.14
CAR 0.0 0 0.0 0 0 0 0 1.4 1.9 4.36 23.23 -29.53 -6.61 3.14
CAR 0.0 0 0.0 0 0 0 0 1.65 1.9 4.1 26.72 39.32 -8.14 3.14
TRAILER 0.0 1 0.0 0 0 0 0 4.11 3.0 11.09 50.64 7.86 -5.51 3.14
PEDESTRIAN 0.0 1 0.0 0 0 0 0 1.7 0.7 0.93 39.61 -6.68 -6.1 3.14
CAR 0.0 0 0.0 0 0 0 0 1.5 1.9 4.1 48.78 15.08 -7.37 3.14
VAN 0.0 0 0.0 0 0 0 0 2.0 2.02 6.0 66.17 4.87 -6.31 3.14
CAR 0.0 1 0.0 0 0 0 0 1.7 1.85 4.1 32.28 24.56 -7.25 3.14
TRUCK 0.0 0 0.0 0 0 0 0 3.91 3.0 5.66 44.0 9.06 -5.62 3.14
CAR 0.0 1 0.0 0 0 0 0 1.5 1.9 4.1 25.24 -21.28 -6.7 3.14
PEDESTRIAN 0.0 0 0.0 0 0 0 0 1.7 0.7 0.7 68.83 31.93 -7.3 3.14
