CAR 0.0 0 0.0 0 0 0 0 1.5 1.9 4.94 13.76 -24.8 -6.59 3.14
CAR 0.0 1 0.0 0 0 0 0 1.52 1.9 4.1 22.02 -19.82 -6.71 3.14
CAR 0.0 0 0.0 0 0 0 0 1.55 1.9 4.92 15.68 -17.71 -6.7 3.14
CAR 0.0 0 0.0 0 0 0 0 1.65 1.9 4.1 22.22 38.9 -8.19 3.14
CAR 0.0 0 0.0 0 0 0 0 1.4 1.9 4.36 23.21 -29.52 -6.61 3.14
CAR 0.0 0 0.0 0 0 0 0 1.65 1.9 4.1 26.55 39.43 -8.14 3.14
TRAILER 0.0 1 0.0 0 0 0 0 4.11 3.0 11.09 54.57 7.41 -5.51 3.14
PEDESTRIAN 0.0 0 0.0 0 0 0 0 1.7 0.7 0.93 39.94 -9.87 -6.1 3.14
CAR 0.0 0 0.0 0 0 0 0 1.5 1.9 4.1 48.73 14.58 -7.37 3.14
VAN 0.0 1 0.0 0 0 0 0 2.0 2.02 6.0 69.43 3.83 -6.31 3.14
