VAN 0.0 1 0.0 0 0 0 0 2.0 2.02 6.0 68.65 3.44 -6.31 3.14
PEDESTRIAN 0.0 0 0.0 0 0 0 0 1.7 0.7 0.93 42.29 -21.15 -5.95 3.14
CAR 0.0 0 0.0 0 0 0 0 1.5 1.9 4.94 13.82 -24.81 -6.59 3.14
CAR 0.0 1 0.0 0 0 0 0 1.52 1.9 4.1 21.93 -20.03 -6.71 3.14
CAR 0.0 0 0.0 0 0 0 0 1.55 1.9 4.92 15.68 -17.69 -6.7 3.14
CAR 0.0 0 0.0 0 0 0 0 1.65 1.9 4.1 22.21 38.89 -8.19 3.14
CAR 0.0 0 0.0 0 0 0 0 1.4 1.9 4.36 23.19 -29.51 -6.61 3.14
CAR 0.0 0 0.0 0 0 0 0 1.65 1.9 4.1 26.48 39.44 -8.14 3.14
CAR 0.0 0 0.0 0 0 0 0 1.5 1.9 4.1 66.64 -4.53 -6.88 3.14
TRAILER 0.0 1 0.0 0 0 0 0 4.11 3.0 11.09 55.08 7.44 -5.51 3.14
