VAN 0.0 1 0.0 0 0 0 0 2.0 2.02 6.0 69.4 3.66 -6.31 3.14
CAR 0.0 0 0.0 0 0 0 0 1.5 1.9 4.94 13.8 -24.81 -6.59 3.14
CAR 0.0 1 0.0 0 0 0 0 1.52 1.9 4.1 21.92 -20.03 -6.71 3.14
CAR 0.0 0 0.0 0 0 0 0 1.55 1.9 4.92 15.68 -17.69 -6.7 3.14
CAR 0.0 0 0.0 0 0 0 0 1.65 1.9 4.1 22.21 38.89 -8.19 3.14
CAR 0.0 0 0.0 0 0 0 0 1.4 1.9 4.36 23.27 -29.43 -6.61 3.14
CAR 0.0 0 0.0 0 0 0 0 1.65 1.9 4.1 26.49 39.46 -8.14 3.14
CAR 0.0 0 0.0 0 0 0 0 1.5 1.9 4.1 78.3 -5.97 -6.88 3.14
PEDESTRIAN 0.0 0 0.0 0 0 0 0 1.7 0.7 0.93 41.88 -19.94 -5.95 3.14
TRAILER 0.0 1 0.0 0 0 0 0 4.11 3.0 11.09 55.08 7.35 -5.51 3.14
CAR 0.0 0 0.0 0 0 0 0 1.5 1.9 4.1 26.96 3.81 -7.12 3.14
