CAR 0.0 0 0.0 0 0 0 0 1.5 1.9 4.94 13.78 -24.79 -6.59 3.14
CAR 0.0 1 0.0 0 0 0 0 1.52 1.9 4.1 22.0 -19.85 -6.71 3.14
CAR 0.0 0 0.0 0 0 0 0 1.55 1.9 4.92 15.68 -17.71 -6.7 3.14
CAR 0.0 0 0.0 0 0 0 0 1.65 1.9 4.1 22.22 38.91 -8.19 3.14
CAR 0.0 0 0.0 0 0 0 0 1.4 1.9 4.36 23.22 -29.48 -6.61 3.14
CAR 0.0 0 0.0 0 0 0 0 1.65 1.9 4.1 26.56 39.45 -8.14 3.14
TRAILER 0.0 1 0.0 0 0 0 0 4.11 3.0 11.09 54.43 7.42 -5.51 3.14
PEDESTRIAN 0.0 0 0.0 0 0 0 0 1.7 0.7 0.93 39.96 -9.54 -6.1 3.14
CAR 0.0 0 0.0 0 0 0 0 1.5 1.9 4.1 48.61 14.58 -7.37 3.14
VAN 0.0 1 0.0 0 0 0 0 2.0 2.02 6.0 69.45 3.88 -6.31 3.14
CAR 0.0 0 0.0 0 0 0 0 1.7 1.85 4.1 16.5 12.35 -7.25 3.14
