CAR 0.0 0 0.0 0 0 0 0 1.5 1.9 4.94 13.79 -24.79 -6.59 3.14
CAR 0.0 1 0.0 0 0 0 0 1.52 1.9 4.1 22.0 -19.86 -6.71 3.14
CAR 0.0 0 0.0 0 0 0 0 1.55 1.9 4.92 15.76 -17.7 -6.7 3.14
CAR 0.0 0 0.0 0 0 0 0 1.65 1.9 4.1 22.29 38.89 -8.19 3.14
CAR 0.0 0 0.0 0 0 0 0 1.4 1.9 4.36 23.2 -29.47 -6.61 3.14
CAR 0.0 0 0.0 0 0 0 0 1.65 1.9 4.1 26.72 39.34 -8.14 3.14
TRAILER 0.0 1 0.0 0 0 0 0 4.11 3.0 11.09 52.39 7.62 -5.51 3.14
PEDESTRIAN 0.0 0 0.0 0 0 0 0 1.7 0.7 0.93 39.77 -7.35 -6.1 3.14
CAR 0.0 0 0.0 0 0 0 0 1.5 1.9 4.1 48.77 15.19 -7.37 3.14
VAN 0.0 0 0.0 0 0 0 0 2.0 2.02 6.0 67.23 4.69 -6.31 3.14
CAR 0.0 1 0.0 0 0 0 0 1.7 1.85 4.1 29.35 20.53 -7.25 3.14
TRUCK 0.0 0 0.0 0 0 0 0 3.91 3.0 5.66 45.65 8.82 -5.62 3.14
CAR 0.0 1 0.0 0 0 0 0 1.5 1.9 4.1 25.39 -21.32 -6.7 3.14
