CAR 0.0 0 0.0 0 0 0 0 1.5 1.9 4.94 13.86 -24.79 -6.59 3.14
CAR 0.0 1 0.0 0 0 0 0 1.52 1.9 4.1 22.01 -19.81 -6.71 3.14
CAR 0.0 0 0.0 0 0 0 0 1.55 1.9 4.92 15.76 -17.7 -6.7 3.14
CAR 0.0 0 0.0 0 0 0 0 1.65 1.9 4.1 22.38 38.84 -8.19 3.14
CAR 0.0 0 0.0 0 0 0 0 1.4 1.9 4.36 23.24 -29.52 -6.61 3.14
CAR 0.0 0 0.0 0 0 0 0 1.65 1.9 4.1 26.88 39.31 -8.14 3.14
TRAILER 0.0 1 0.0 0 0 0 0 4.11 3.0 11.09 51.41 7.77 -5.51 3.14
PEDESTRIAN 0.0 1 0.0 0 0 0 0 1.7 0.7 0.93 39.63 -6.91 -6.1 3.14
CAR 0.0 0 0.0 0 0 0 0 1.5 1.9 4.1 48.78 15.14 -7.37 3.14
VAN 0.0 0 0.0 0 0 0 0 2.0 2.02 6.0 66.56 4.78 -6.31 3.14
CAR 0.0 1 0.0 0 0 0 0 1.7 1.85 4.1 31.21 22.74 -7.25 3.14
TRUCK 0.0 0 0.0 0 0 0 0 3.91 3.0 5.66 44.97 9.03 -5.62 3.14
CAR 0.0 1 0.0 0 0 0 0 1.5 1.9 4.1 25.54 -21.37 -6.7 3.14
PEDESTRIAN 0.0 0 0.0 0 0 0 0 1.7 0.7 0.7 68.83 31.93 -7.3 3.14
