CAR 0.0 0 0.0 0 0 0 0 1.5 1.9 4.94 13.77 -24.81 -6.59 3.14
CAR 0.0 1 0.0 0 0 0 0 1.52 1.9 4.1 21.96 -20.04 -6.71 3.14
CAR 0.0 0 0.0 0 0 0 0 1.55 1.9 4.92 15.69 -17.69 -6.7 3.14
CAR 0.0 0 0.0 0 0 0 0 1.65 1.9 4.1 22.21 38.89 -8.19 3.14
CAR 0.0 0 0.0 0 0 0 0 1.4 1.9 4.36 23.21 -29.47 -6.61 3.14
CAR 0.0 0 0.0 0 0 0 0 1.65 1.9 4.1 26.53 39.45 -8.14 3.14
TRAILER 0.0 1 0.0 0 0 0 0 4.11 3.0 11.09 55.04 7.36 -5.51 3.14
CAR 0.0 0 0.0 0 0 0 0 1.5 1.9 4.1 118.88 -9.42 -7.12 3.14
PEDESTRIAN 0.0 0 0.0 0 0 0 0 1.7 0.7 0.93 40.82 -12.8 -6.1 3.14
VAN 0.0 1 0.0 0 0 0 0 2.0 2.02 6.0 69.26 3.82 -6.31 3.14
