VAN 0.0 1 0.0 0 0 0 0 2.0 2.02 6.0 69.4 3.7 -6.31 3.14
CAR 0.0 0 0.0 0 0 0 0 1.5 1.9 4.94 13.77 -24.81 -6.59 3.14
CAR 0.0 1 0.0 0 0 0 0 1.52 1.9 4.1 21.92 -20.03 -6.71 3.14
CAR 0.0 0 0.0 0 0 0 0 1.55 1.9 4.92 15.68 -17.69 -6.7 3.14
CAR 0.0 0 0.0 0 0 0 0 1.65 1.9 4.1 22.21 38.89 -8.19 3.14
CAR 0.0 0 0.0 0 0 0 0 1.4 1.9 4.36 23.23 -29.4 -6.61 3.14
CAR 0.0 0 0.0 0 0 0 0 1.65 1.9 4.1 26.47 39.43 -8.14 3.14
CAR 0.0 0 0.0 0 0 0 0 1.5 1.9 4.1 88.5 -7.21 -6.88 3.14
TRAILER 0.0 1 0.0 0 0 0 0 4.11 3.0 11.09 55.07 7.36 -5.51 3.14
CAR 0.0 0 0.0 0 0 0 0 1.5 1.9 4.1 40.14 1.81 -7.12 3.14
