CAR 0.0 0 0.0 0 0 0 0 1.5 1.9 4.94 13.85 -24.79 -6.59 3.14
CAR 0.0 1 0.0 0 0 0 0 1.52 1.9 4.1 22.0 -19.81 -6.71 3.14
CAR 0.0 0 0.0 0 0 0 0 1.55 1.9 4.92 15.74 -17.69 -6.7 3.14
CAR 0.0 0 0.0 0 0 0 0 1.65 1.9 4.1 22.32 38.89 -8.19 3.14
CAR 0.0 0 0.0 0 0 0 0 1.4 1.9 4.36 23.25 -29.48 -6.61 3.14
CAR 0.0 0 0.0 0 0 0 0 1.65 1.9 4.1 26.67 39.28 -8.14 3.14
TRAILER 0.0 1 0.0 0 0 0 0 4.11 3.0 11.09 49.21 8.17 -5.51 3.14
PEDESTRIAN 0.0 1 0.0 0 0 0 0 1.7 0.7 0.94 39.61 -6.84 -6.46 3.14
CAR 0.0 0 0.0 0 0 0 0 1.5 1.9 4.1 48.81 15.05 -7.37 3.14
VAN 0.0 0 0.0 0 0 0 0 2.0 2.02 6.0 65.06 5.18 -6.31 3.14
CAR 0.0 1 0.0 0 0 0 0 1.7 1.85 4.1 34.14 28.21 -7.25 3.14
TRUCK 0.0 0 0.0 0 0 0 0 3.91 3.0 5.66 42.69 9.35 -5.62 3.14
CAR 0.0 1 0.0 0 0 0 0 1.5 1.9 4.1 25.27 -21.29 -6.7 3.14
PEDESTRIAN 0.0 0 0.0 0 0 0 0 1.7 0.7 0.7 68.83 31.93 -7.3 3.14
