CAR 0.0 0 0.0 0 0 0 0 1.5 1.9 4.94 13.8 -24.81 -6.59 3.14
CAR 0.0 1 0.0 0 0 0 0 1.52 1.9 4.1 21.99 -19.82 -6.71 3.14
CAR 0.0 0 0.0 0 0 0 0 1.55 1.9 4.92 15.68 -17.7 -6.7 3.14
CAR 0.0 0 0.0 0 0 0 0 1.65 1.9 4.1 22.24 38.93 -8.19 3.14
CAR 0.0 0 0.0 0 0 0 0 1.4 1.9 4.36 23.2 -29.5 -6.61 3.14
CAR 0.0 0 0.0 0 0 0 0 1.65 1.9 4.1 26.53 39.51 -8.14 3.14
TRAILER 0.0 1 0.0 0 0 0 0 4.11 3.0 11.09 52.65 7.5 -5.51 3.14
PEDESTRIAN 0.0 0 0.0 0 0 0 0 1.7 0.7 0.93 39.81 -8.07 -6.1 3.14
CAR 0.0 0 0.0 0 0 0 0 1.5 1.9 4.1 48.65 14.51 -7.37 3.14
VAN 0.0 1 0.0 0 0 0 0 2.0 2.02 6.0 68.92 4.07 -6.31 3.14
CAR 0.0 0 0.0 0 0 0 0 1.7 1.85 4.1 24.23 16.08 -7.25 3.14
TRUCK 0.0 0 0.0 0 0 0 0 3.91 3.0 5.66 47.57 8.08 -5.62 3.14
