VAN 0.0 1 0.0 0 0 0 0 2.0 2.02 6.0 68.8 3.5 -6.31 3.14
PEDESTRIAN 0.0 0 0.0 0 0 0 0 1.7 0.7 0.93 42.26 -21.41 -5.95 3.14
CAR 0.0 0 0.0 0 0 0 0 1.5 1.9 4.94 13.78 -24.8 -6.59 3.14
CAR 0.0 1 0.0 0 0 0 0 1.52 1.9 4.1 21.95 -20.03 -6.71 3.14
CAR 0.0 0 0.0 0 0 0 0 1.55 1.9 4.92 15.69 -17.69 -6.7 3.14
CAR 0.0 0 0.0 0 0 0 0 1.65 1.9 4.1 22.21 38.89 -8.19 3.14
CAR 0.0 0 0.0 0 0 0 0 1.4 1.9 4.36 23.22 -29.52 -6.61 3.14
CAR 0.0 0 0.0 0 0 0 0 1.65 1.9 4.1 26.49 39.45 -8.14 3.14
CAR 0.0 0 0.0 0 0 0 0 1.5 1.9 4.1 65.2 -4.35 -6.88 3.14
TRAILER 0.0 1 0.0 0 0 0 0 4.11 3.0 11.09 55.1 7.48 -5.51 3.14
