CAR 0.0 0 0.0 0 0 0 0 1.5 1.9 4.94 13.79 -24.75 -6.59 3.14
CAR 0.0 1 0.0 0 0 0 0 1.52 1.9 4.1 22.01 -19.81 -6.71 3.14
CAR 0.0 0 0.0 0 0 0 0 1.55 1.9 4.92 15.68 -17.71 -6.7 3.14
CAR 0.0 0 0.0 0 0 0 0 1.65 1.9 4.1 22.22 38.91 -8.19 3.14
CAR 0.0 0 0.0 0 0 0 0 1.4 1.9 4.36 23.2 -29.52 -6.61 3.14
CAR 0.0 0 0.0 0 0 0 0 1.65 1.9 4.1 26.56 39.46 -8.14 3.14
TRAILER 0.0 1 0.0 0 0 0 0 4.11 3.0 11.09 54.52 7.41 -5.51 3.14
PEDESTRIAN 0.0 0 0.0 0 0 0 0 1.7 0.7 0.93 39.96 -9.72 -6.1 3.14
CAR 0.0 0 0.0 0 0 0 0 1.5 1.9 4.1 48.64 14.58 -7.37 3.14
VAN 0.0 1 0.0 0 0 0 0 2.0 2.02 6.0 69.45 3.86 -6.31 3.14
CAR 0.0 0 0.0 0 0 0 0 1.7 1.85 4.1 15.78 12.05 -7.25 3.14
