CAR 0.0 0 0.0 0 0 0 0 1.5 1.9 4.94 13.83 -24.79 -6.59 3.14
CAR 0.0 1 0.0 0 0 0 0 1.52 1.9 4.1 21.99 -19.83 -6.71 3.14
CAR 0.0 0 0.0 0 0 0 0 1.55 1.9 4.92 15.75 -17.69 -6.7 3.14
CAR 0.0 0 0.0 0 0 0 0 1.65 1.9 4.1 22.26 38.9 -8.19 3.14
CAR 0.0 0 0.0 0 0 0 0 1.4 1.9 4.36 23.23 -29.47 -6.61 3.14
CAR 0.0 0 0.0 0 0 0 0 1.65 1.9 4.1 26.74 39.34 -8.14 3.14
TRAILER 0.0 0 0.0 0 0 0 0 4.11 3.0 11.09 30.75 10.28 -5.51 3.14
VAN 0.0 1 0.0 0 0 0 0 2.0 2.02 6.0 47.04 8.39 -6.31 3.14
TRUCK 0.0 0 0.0 0 0 0 0 3.91 3.0 5.66 24.32 8.79 -5.62 3.14
PEDESTRIAN 0.0 1 0.0 0 0 0 0 1.7 0.7 0.94 39.66 -6.54 -6.46 3.14
VAN 0.0 0 0.0 0 0 0 0 2.35 2.2 4.7 66.89 5.02 -5.69 3.14
CAR 0.0 1 0.0 0 0 0 0 1.5 1.9 4.12 56.57 6.8 -6.32 3.14
CAR 0.0 1 0.0 0 0 0 0 1.5 1.9 4.1 25.15 -21.25 -6.69 3.14
CAR 0.0 1 0.0 0 0 0 0 1.5 1.9 4.1 77.13 2.89 -6.31 3.14
