CAR 0.0 0 0.0 0 0 0 0 1.5 1.9 4.94 13.83 -24.79 -6.59 3.14
CAR 0.0 1 0.0 0 0 0 0 1.52 1.9 4.1 21.97 -19.83 -6.71 3.14
CAR 0.0 0 0.0 0 0 0 0 1.55 1.9 4.92 15.75 -17.7 -6.7 3.14
CAR 0.0 0 0.0 0 0 0 0 1.65 1.9 4.1 22.26 38.92 -8.19 3.14
CAR 0.0 0 0.0 0 0 0 0 1.4 1.9 4.36 23.22 -29.47 -6.61 3.14
CAR 0.0 0 0.0 0 0 0 0 1.65 1.9 4.1 26.83 39.36 -8.14 3.14
TRAILER 0.0 1 0.0 0 0 0 0 4.11 3.0 11.09 43.91 9.16 -5.51 3.14
CAR 0.0 0 0.0 0 0 0 0 1.5 1.9 4.1 48.78 15.3 -7.37 3.14
VAN 0.0 0 0.0 0 0 0 0 2.0 2.02 6.0 60.38 5.96 -6.31 3.14
CAR 0.0 0 0.0 0 0 0 0 1.7 1.85 4.1 40.41 43.51 -7.25 3.14
TRUCK 0.0 0 0.0 0 0 0 0 3.91 3.0 5.66 37.35 10.31 -5.62 3.14
PEDESTRIAN 0.0 1 0.0 0 0 0 0 1.7 0.7 0.94 39.72 -6.58 -6.46 3.14
