CAR 0.0 0 0.0 0 0 0 0 1.5 1.9 4.94 13.8 -24.86 -6.59 3.14
CAR 0.0 1 0.0 0 0 0 0 1.52 1.9 4.1 21.96 -20.0 -6.71 3.14
CAR 0.0 0 0.0 0 0 0 0 1.55 1.9 4.92 15.67 -17.65 -6.7 3.14
CAR 0.0 0 0.0 0 0 0 0 1.65 1.9 4.1 22.15 38.98 -8.19 3.14
CAR 0.0 0 0.0 0 0 0 0 1.4 1.9 4.36 23.23 -29.52 -6.61 3.14
CAR 0.0 0 0.0 0 0 0 0 1.65 1.9 4.1 26.34 39.51 -8.14 3.14
TRAILER 0.0 0 0.0 0 0 0 0 4.11 3.0 11.09 29.01 0.48 -5.51 3.14
TRUCK 0.0 2 0.0 0 0 0 0 3.91 3.0 5.66 33.6 -3.34 -5.62 3.14
VAN 0.0 0 0.0 0 0 0 0 2.35 2.2 4.7 48.46 8.11 -5.69 3.14
VAN 0.0 0 0.0 0 0 0 0 2.0 2.2 6.0 12.24 -32.6 -6.18 3.14
CAR 0.0 1 0.0 0 0 0 0 1.5 1.9 4.1 16.95 -27.18 -6.48 3.14
CAR 0.0 0 0.0 0 0 0 0 1.49 1.9 4.1 14.24 -37.99 -6.11 3.14
CAR 0.0 1 0.0 0 0 0 0 1.5 1.9 4.1 24.91 -22.3 -6.67 3.14
CAR 0.0 1 0.0 0 0 0 0 1.5 1.9 4.1 57.64 6.26 -6.64 3.14
VAN 0.0 0 0.0 0 0 0 0 2.54 2.17 5.71 30.3 10.97 -6.64 3.14
CAR 0.0 1 0.0 0 0 0 0 1.51 1.9 4.1 66.58 4.88 -6.56 3.14
CAR 0.0 0 0.0 0 0 0 0 1.5 1.9 4.1 48.46 14.84 -7.16 3.14
PEDESTRIAN 0.0 1 0.0 0 0 0 0 1.75 0.73 0.85 39.96 -6.77 -6.48 3.14
CAR 0.0 1 0.0 0 0 0 0 1.5 1.8 4.31 39.38 10.27 -7.05 3.14
