CAR 0.0 0 0.0 0 0 0 0 1.5 1.9 4.94 13.85 -24.88 -6.59 3.14
CAR 0.0 1 0.0 0 0 0 0 1.52 1.9 4.1 21.95 -20.04 -6.71 3.14
CAR 0.0 0 0.0 0 0 0 0 1.55 1.9 4.92 15.67 -17.65 -6.7 3.14
CAR 0.0 0 0.0 0 0 0 0 1.65 1.9 4.1 22.05 38.98 -8.19 3.14
CAR 0.0 0 0.0 0 0 0 0 1.4 1.9 4.36 23.21 -29.5 -6.61 3.14
CAR 0.0 0 0.0 0 0 0 0 1.65 1.9 4.1 26.39 39.59 -8.14 3.14
TRAILER 0.0 0 0.0 0 0 0 0 4.11 3.0 11.09 36.79 -1.42 -5.51 3.14
VAN 0.0 0 0.0 0 0 0 0 2.35 2.2 4.7 43.63 8.89 -5.69 3.14
VAN 0.0 0 0.0 0 0 0 0 2.0 2.2 6.0 12.23 -32.6 -6.18 3.14
CAR 0.0 1 0.0 0 0 0 0 1.5 1.9 4.1 17.45 -24.69 -6.48 3.14
CAR 0.0 1 0.0 0 0 0 0 1.5 1.9 4.1 52.85 7.24 -6.64 3.14
VAN 0.0 0 0.0 0 0 0 0 2.54 2.17 5.71 22.83 9.87 -6.64 3.14
CAR 0.0 1 0.0 0 0 0 0 1.51 1.9 4.1 61.97 5.64 -6.56 3.14
CAR 0.0 0 0.0 0 0 0 0 1.5 1.9 4.1 48.73 14.64 -7.16 3.14
PEDESTRIAN 0.0 1 0.0 0 0 0 0 1.75 0.73 0.85 39.86 -6.67 -6.48 3.14
CAR 0.0 0 0.0 0 0 0 0 1.5 1.8 4.31 32.94 11.23 -7.05 3.14
CAR 0.0 1 0.0 0 0 0 0 1.49 1.9 4.1 15.3 -33.16 -6.4 3.14
