CAR 0.0 0 0.0 0 0 0 0 1.5 1.9 4.94 13.82 -24.87 -6.59 3.14
CAR 0.0 1 0.0 0 0 0 0 1.52 1.9 4.1 21.93 -20.03 -6.71 3.14
CAR 0.0 0 0.0 0 0 0 0 1.55 1.9 4.92 15.67 -17.65 -6.7 3.14
CAR 0.0 0 0.0 0 0 0 0 1.65 1.9 4.1 22.15 38.97 -8.19 3.14
CAR 0.0 0 0.0 0 0 0 0 1.4 1.9 4.36 23.2 -29.49 -6.61 3.14
CAR 0.0 0 0.0 0 0 0 0 1.65 1.9 4.1 26.33 39.47 -8.14 3.14
TRAILER 0.0 0 0.0 0 0 0 0 4.11 3.0 11.09 32.95 -0.95 -5.51 3.14
TRUCK 0.0 2 0.0 0 0 0 0 3.91 3.0 5.66 38.4 -2.97 -5.62 3.14
VAN 0.0 0 0.0 0 0 0 0 2.35 2.2 4.7 45.47 8.54 -5.69 3.14
VAN 0.0 0 0.0 0 0 0 0 2.0 2.2 6.0 12.22 -32.62 -6.18 3.14
CAR 0.0 1 0.0 0 0 0 0 1.5 1.9 4.1 17.24 -25.43 -6.48 3.14
CAR 0.0 1 0.0 0 0 0 0 1.5 1.9 4.1 54.6 7.1 -6.64 3.14
VAN 0.0 0 0.0 0 0 0 0 2.54 2.17 5.71 25.84 10.9 -6.64 3.14
CAR 0.0 1 0.0 0 0 0 0 1.51 1.9 4.1 63.42 5.49 -6.56 3.14
CAR 0.0 0 0.0 0 0 0 0 1.5 1.9 4.1 48.76 14.65 -7.16 3.14
PEDESTRIAN 0.0 1 0.0 0 0 0 0 1.75 0.73 0.85 39.75 -6.66 -6.48 3.14
CAR 0.0 1 0.0 0 0 0 0 1.5 1.8 4.31 35.82 10.76 -7.05 3.14
CAR 0.0 1 0.0 0 0 0 0 1.5 1.9 4.1 24.91 -22.3 -6.67 3.14
CAR 0.0 1 0.0 0 0 0 0 1.49 1.9 4.1 14.99 -34.88 -6.4 3.14
