CAR 0.0 0 0.0 0 0 0 0 1.5 1.9 4.94 13.79 -24.79 -6.59 3.14
CAR 0.0 1 0.0 0 0 0 0 1.52 1.9 4.1 21.98 -19.94 -6.71 3.14
CAR 0.0 0 0.0 0 0 0 0 1.55 1.9 4.92 15.74 -17.69 -6.7 3.14
CAR 0.0 0 0.0 0 0 0 0 1.65 1.9 4.1 22.23 38.9 -8.19 3.14
CAR 0.0 0 0.0 0 0 0 0 1.4 1.9 4.36 23.24 -29.47 -6.61 3.14
CAR 0.0 0 0.0 0 0 0 0 1.65 1.9 4.1 26.78 39.36 -8.14 3.14
TRAILER 0.0 1 0.0 0 0 0 0 4.11 3.0 11.09 41.69 9.55 -5.51 3.14
VAN 0.0 0 0.0 0 0 0 0 2.0 2.02 6.0 58.19 6.3 -6.31 3.14
CAR 0.0 1 0.0 0 0 0 0 1.7 1.85 4.1 43.28 51.49 -7.25 3.14
TRUCK 0.0 0 0.0 0 0 0 0 3.91 3.0 5.66 35.02 10.67 -5.62 3.14
PEDESTRIAN 0.0 1 0.0 0 0 0 0 1.7 0.7 0.94 39.69 -6.52 -6.46 3.14
VAN 0.0 1 0.0 0 0 0 0 2.35 2.2 4.7 80.45 2.34 -5.69 3.14
CAR 0.0 1 0.0 0 0 0 0 1.5 1.9 4.12 70.25 4.13 -6.27 3.14
