CAR 0.0 0 0.0 0 0 0 0 1.5 1.9 4.94 13.83 -24.79 -6.59 3.14
CAR 0.0 1 0.0 0 0 0 0 1.52 1.9 4.1 22.0 -19.84 -6.71 3.14
CAR 0.0 0 0.0 0 0 0 0 1.55 1.9 4.92 15.75 -17.7 -6.7 3.14
CAR 0.0 0 0.0 0 0 0 0 1.65 1.9 4.1 22.29 38.92 -8.19 3.14
CAR 0.0 0 0.0 0 0 0 0 1.4 1.9 4.36 23.21 -29.49 -6.61 3.14
CAR 0.0 0 0.0 0 0 0 0 1.65 1.9 4.1 26.83 39.34 -8.14 3.14
TRAILER 0.0 1 0.0 0 0 0 0 4.11 3.0 11.09 40.41 9.79 -5.51 3.14
VAN 0.0 0 0.0 0 0 0 0 2.0 2.02 6.0 56.79 6.81 -6.31 3.14
CAR 0.0 2 0.0 0 0 0 0 1.7 1.85 4.1 45.34 56.84 -7.25 3.14
TRUCK 0.0 0 0.0 0 0 0 0 3.91 3.0 5.66 33.79 11.02 -5.62 3.14
PEDESTRIAN 0.0 1 0.0 0 0 0 0 1.7 0.7 0.94 39.67 -6.6 -6.46 3.14
VAN 0.0 1 0.0 0 0 0 0 2.35 2.2 4.7 76.94 3.42 -5.69 3.14
CAR 0.0 1 0.0 0 0 0 0 1.5 1.9 4.12 70.25 4.13 -6.27 3.14
