CAR 0.0 0 0.0 0 0 0 0 1.5 1.9 4.94 13.86 -24.89 -6.59 3.14
CAR 0.0 1 0.0 0 0 0 0 1.52 1.9 4.1 21.94 -20.01 -6.71 3.14
CAR 0.0 0 0.0 0 0 0 0 1.55 1.9 4.92 15.68 -17.64 -6.7 3.14
CAR 0.0 0 0.0 0 0 0 0 1.65 1.9 4.1 22.11 38.99 -8.19 3.14
CAR 0.0 0 0.0 0 0 0 0 1.4 1.9 4.36 23.2 -29.48 -6.61 3.14
CAR 0.0 0 0.0 0 0 0 0 1.65 1.9 4.1 26.4 39.58 -8.14 3.14
TRAILER 0.0 0 0.0 0 0 0 0 4.11 3.0 11.09 25.84 3.63 -5.51 3.14
TRUCK 0.0 1 0.0 0 0 0 0 3.91 3.0 5.66 25.51 -2.24 -5.62 3.14
PEDESTRIAN 0.0 2 0.0 0 0 0 0 1.7 0.7 0.94 39.54 -6.7 -6.46 3.14
VAN 0.0 1 0.0 0 0 0 0 2.35 2.2 4.7 53.71 7.01 -5.69 3.14
CAR 0.0 1 0.0 0 0 0 0 1.5 1.9 4.1 63.97 5.32 -6.71 3.14
VAN 0.0 0 0.0 0 0 0 0 2.0 2.2 6.0 12.32 -32.61 -6.18 3.14
CAR 0.0 1 0.0 0 0 0 0 1.5 1.9 4.1 15.89 -32.1 -6.48 3.14
CAR 0.0 0 0.0 0 0 0 0 1.49 1.9 4.1 11.86 -50.27 -6.11 3.14
