CAR 0.0 0 0.0 0 0 0 0 1.5 1.9 4.94 13.76 -24.78 -6.59 3.14
CAR 0.0 1 0.0 0 0 0 0 1.52 1.9 4.1 22.02 -19.76 -6.71 3.14
CAR 0.0 0 0.0 0 0 0 0 1.55 1.9 4.92 15.75 -17.7 -6.7 3.14
CAR 0.0 0 0.0 0 0 0 0 1.65 1.9 4.1 22.25 38.91 -8.19 3.14
CAR 0.0 0 0.0 0 0 0 0 1.4 1.9 4.36 23.24 -29.47 -6.61 3.14
CAR 0.0 0 0.0 0 0 0 0 1.65 1.9 4.1 26.74 39.37 -8.14 3.14
TRAILER 0.0 1 0.0 0 0 0 0 4.11 3.0 11.09 38.04 10.22 -5.51 3.14
VAN 0.0 1 0.0 0 0 0 0 2.0 2.02 6.0 54.39 6.94 -6.31 3.14
CAR 0.0 2 0.0 0 0 0 0 1.7 1.85 4.1 48.44 66.82 -7.25 3.14
TRUCK 0.0 0 0.0 0 0 0 0 3.91 3.0 5.66 31.33 11.36 -5.62 3.14
PEDESTRIAN 0.0 1 0.0 0 0 0 0 1.7 0.7 0.94 39.72 -6.62 -6.46 3.14
VAN 0.0 1 0.0 0 0 0 0 2.35 2.2 4.7 76.07 3.01 -5.69 3.14
CAR 0.0 1 0.0 0 0 0 0 1.5 1.9 4.1 25.05 -21.23 -6.74 3.14
CAR 0.0 1 0.0 0 0 0 0 1.5 1.9 4.12 66.97 4.62 -6.32 3.14
CAR 0.0 1 0.0 0 0 0 0 1.5 1.9 4.1 29.44 45.03 -8.17 3.14
