CAR 0.0 0 0.0 0 0 0 0 1.5 1.9 4.94 13.81 -24.79 -6.59 3.14
CAR 0.0 1 0.0 0 0 0 0 1.52 1.9 4.1 21.99 -19.77 -6.71 3.14
CAR 0.0 0 0.0 0 0 0 0 1.55 1.9 4.92 15.74 -17.7 -6.7 3.14
CAR 0.0 0 0.0 0 0 0 0 1.65 1.9 4.1 22.25 38.89 -8.19 3.14
CAR 0.0 0 0.0 0 0 0 0 1.4 1.9 4.36 23.23 -29.48 -6.61 3.14
CAR 0.0 0 0.0 0 0 0 0 1.65 1.9 4.1 26.74 39.38 -8.14 3.14
TRAILER 0.0 1 0.0 0 0 0 0 4.11 3.0 11.09 34.3 10.67 -5.51 3.14
VAN 0.0 1 0.0 0 0 0 0 2.0 2.02 6.0 50.67 7.63 -6.31 3.14
CAR 0.0 1 0.0 0 0 0 0 1.7 1.85 4.1 53.15 82.52 -7.25 3.14
TRUCK 0.0 0 0.0 0 0 0 0 3.91 3.0 5.66 27.64 10.42 -5.62 3.14
PEDESTRIAN 0.0 1 0.0 0 0 0 0 1.7 0.7 0.94 39.68 -6.64 -6.46 3.14
VAN 0.0 0 0.0 0 0 0 0 2.35 2.2 4.7 71.07 4.06 -5.69 3.14
CAR 0.0 1 0.0 0 0 0 0 1.5 1.9 4.12 60.54 5.8 -6.32 3.14
