CAR 0.0 0 0.0 0 0 0 0 1.5 1.9 4.94 13.83 -24.77 -6.59 3.14
CAR 0.0 1 0.0 0 0 0 0 1.52 1.9 4.1 22.01 -19.81 -6.71 3.14
CAR 0.0 0 0.0 0 0 0 0 1.55 1.9 4.92 15.74 -17.69 -6.7 3.14
CAR 0.0 0 0.0 0 0 0 0 1.65 1.9 4.1 22.31 38.88 -8.19 3.14
CAR 0.0 0 0.0 0 0 0 0 1.4 1.9 4.36 23.24 -29.47 -6.61 3.14
CAR 0.0 0 0.0 0 0 0 0 1.65 1.9 4.1 26.68 39.43 -8.14 3.14
TRAILER 0.0 1 0.0 0 0 0 0 4.11 3.0 11.09 27.8 8.93 -5.51 3.14
VAN 0.0 1 0.0 0 0 0 0 2.0 2.02 6.0 43.24 8.94 -6.31 3.14
TRUCK 0.0 0 0.0 0 0 0 0 3.91 3.0 5.66 22.33 5.3 -5.62 3.14
PEDESTRIAN 0.0 1 0.0 0 0 0 0 1.7 0.7 0.94 39.64 -6.57 -6.46 3.14
VAN 0.0 0 0.0 0 0 0 0 2.35 2.2 4.7 62.94 5.56 -5.69 3.14
CAR 0.0 1 0.0 0 0 0 0 1.5 1.9 4.12 52.26 7.44 -6.32 3.14
CAR 0.0 1 0.0 0 0 0 0 1.5 1.9 4.1 25.08 -21.23 -6.69 3.14
CAR 0.0 1 0.0 0 0 0 0 1.5 1.9 4.1 73.58 3.9 -6.71 3.14
