CAR 0.0 0 0.0 0 0 0 0 1.5 1.9 4.94 13.83 -24.79 -6.59 3.14
CAR 0.0 1 0.0 0 0 0 0 1.52 1.9 4.1 21.99 -19.89 -6.71 3.14
CAR 0.0 0 0.0 0 0 0 0 1.55 1.9 4.92 15.75 -17.69 -6.7 3.14
CAR 0.0 0 0.0 0 0 0 0 1.65 1.9 4.1 22.23 38.93 -8.19 3.14
CAR 0.0 0 0.0 0 0 0 0 1.4 1.9 4.36 23.23 -29.49 -6.61 3.14
CAR 0.0 0 0.0 0 0 0 0 1.65 1.9 4.1 26.74 39.4 -8.14 3.14
TRAILER 0.0 1 0.0 0 0 0 0 4.11 3.0 11.09 41.93 9.51 -5.51 3.14
VAN 0.0 0 0.0 0 0 0 0 2.0 2.02 6.0 58.52 6.09 -6.31 3.14
CAR 0.0 1 0.0 0 0 0 0 1.7 1.85 4.1 42.85 50.09 -7.25 3.14
TRUCK 0.0 0 0.0 0 0 0 0 3.91 3.0 5.66 35.52 10.59 -5.62 3.14
PEDESTRIAN 0.0 1 0.0 0 0 0 0 1.7 0.7 0.94 39.64 -6.58 -6.46 3.14
VAN 0.0 1 0.0 0 0 0 0 2.35 2.2 4.7 80.45 2.34 -5.69 3.14
CAR 0.0 1 0.0 0 0 0 0 1.5 1.9 4.12 70.25 4.13 -6.27 3.14
