CAR 0.0 0 0.0 0 0 0 0 1.5 1.9 4.94 13.85 -24.8 -6.59 3.14
CAR 0.0 1 0.0 0 0 0 0 1.52 1.9 4.1 22.0 -19.84 -6.71 3.14
CAR 0.0 0 0.0 0 0 0 0 1.55 1.9 4.92 15.73 -17.69 -6.7 3.14
CAR 0.0 0 0.0 0 0 0 0 1.65 1.9 4.1 22.24 38.91 -8.19 3.14
CAR 0.0 0 0.0 0 0 0 0 1.4 1.9 4.36 23.24 -29.42 -6.61 3.14
CAR 0.0 0 0.0 0 0 0 0 1.65 1.9 4.1 26.71 39.41 -8.14 3.14
TRAILER 0.0 1 0.0 0 0 0 0 4.11 3.0 11.09 26.04 6.93 -5.51 3.14
VAN 0.0 2 0.0 0 0 0 0 2.0 2.02 6.0 39.53 9.8 -6.31 3.14
TRUCK 0.0 1 0.0 0 0 0 0 3.91 3.0 5.66 22.35 1.65 -5.62 3.14
PEDESTRIAN 0.0 1 0.0 0 0 0 0 1.7 0.7 0.94 39.6 -6.55 -6.46 3.14
VAN 0.0 0 0.0 0 0 0 0 2.35 2.2 4.7 59.22 6.11 -5.69 3.14
CAR 0.0 1 0.0 0 0 0 0 1.5 1.9 4.12 48.05 8.35 -6.32 3.14
CAR 0.0 1 0.0 0 0 0 0 1.5 1.9 4.1 25.21 -21.27 -6.66 3.14
