CAR 0.0 0 0.0 0 0 0 0 1.5 1.9 4.94 13.84 -24.75 -6.59 3.14
CAR 0.0 1 0.0 0 0 0 0 1.52 1.9 4.1 21.95 -20.01 -6.71 3.14
CAR 0.0 0 0.0 0 0 0 0 1.55 1.9 4.92 15.68 -17.64 -6.7 3.14
CAR 0.0 0 0.0 0 0 0 0 1.65 1.9 4.1 22.13 38.98 -8.19 3.14
CAR 0.0 0 0.0 0 0 0 0 1.4 1.9 4.36 23.22 -29.46 -6.61 3.14
CAR 0.0 0 0.0 0 0 0 0 1.65 1.9 4.1 26.39 39.58 -8.14 3.14
TRAILER 0.0 0 0.0 0 0 0 0 4.11 3.0 11.09 26.12 3.04 -5.51 3.14
TRUCK 0.0 2 0.0 0 0 0 0 3.91 3.0 5.66 26.64 -2.66 -5.62 3.14
PEDESTRIAN 0.0 2 0.0 0 0 0 0 1.7 0.7 0.94 39.52 -6.72 -6.46 3.14
VAN 0.0 1 0.0 0 0 0 0 2.35 2.2 4.7 52.57 7.15 -5.69 3.14
CAR 0.0 1 0.0 0 0 0 0 1.5 1.9 4.1 62.95 5.41 -6.71 3.14
VAN 0.0 0 0.0 0 0 0 0 2.0 2.2 6.0 12.27 -32.59 -6.18 3.14
CAR 0.0 1 0.0 0 0 0 0 1.5 1.9 4.1 16.02 -31.25 -6.48 3.14
CAR 0.0 0 0.0 0 0 0 0 1.49 1.9 4.1 12.15 -48.25 -6.11 3.14
CAR 0.0 1 0.0 0 0 0 0 1.51 1.9 4.1 72.24 3.88 -6.36 3.14
CAR 0.0 1 0.0 0 0 0 0 1.5 1.9 4.1 24.88 -22.3 -6.67 3.14
