CAR 0.0 0 0.0 0 0 0 0 1.5 1.9 4.94 13.8 -24.85 -6.59 3.14
CAR 0.0 1 0.0 0 0 0 0 1.52 1.9 4.1 21.94 -20.0 -6.71 3.14
CAR 0.0 0 0.0 0 0 0 0 1.55 1.9 4.92 15.67 -17.65 -6.7 3.14
CAR 0.0 0 0.0 0 0 0 0 1.65 1.9 4.1 22.14 38.97 -8.19 3.14
CAR 0.0 0 0.0 0 0 0 0 1.4 1.9 4.36 23.23 -29.52 -6.61 3.14
CAR 0.0 0 0.0 0 0 0 0 1.65 1.9 4.1 26.37 39.57 -8.14 3.14
TRAILER 0.0 0 0.0 0 0 0 0 4.11 3.0 11.09 28.21 0.88 -5.51 3.14
TRUCK 0.0 2 0.0 0 0 0 0 3.91 3.0 5.66 32.08 -3.49 -5.62 3.14
VAN 0.0 0 0.0 0 0 0 0 2.35 2.2 4.7 49.33 8.03 -5.69 3.14
VAN 0.0 0 0.0 0 0 0 0 2.0 2.2 6.0 12.23 -32.6 -6.18 3.14
CAR 0.0 1 0.0 0 0 0 0 1.5 1.9 4.1 16.74 -27.81 -6.48 3.14
CAR 0.0 0 0.0 0 0 0 0 1.49 1.9 4.1 13.84 -39.93 -6.11 3.14
CAR 0.0 1 0.0 0 0 0 0 1.5 1.9 4.1 24.9 -22.3 -6.67 3.14
CAR 0.0 1 0.0 0 0 0 0 1.5 1.9 4.1 58.53 6.07 -6.64 3.14
VAN 0.0 0 0.0 0 0 0 0 2.54 2.17 5.71 31.63 10.87 -6.64 3.14
CAR 0.0 1 0.0 0 0 0 0 1.51 1.9 4.1 67.54 4.71 -6.56 3.14
CAR 0.0 0 0.0 0 0 0 0 1.5 1.9 4.1 48.72 14.9 -7.16 3.14
