CAR 0.0 0 0.0 0 0 0 0 1.5 1.9 4.94 13.78 -24.78 -6.59 3.14
CAR 0.0 1 0.0 0 0 0 0 1.52 1.9 4.1 21.98 -19.88 -6.71 3.14
CAR 0.0 0 0.0 0 0 0 0 1.55 1.9 4.92 15.73 -17.69 -6.7 3.14
CAR 0.0 0 0.0 0 0 0 0 1.65 1.9 4.1 22.23 38.93 -8.19 3.14
CAR 0.0 0 0.0 0 0 0 0 1.4 1.9 4.36 23.25 -29.46 -6.61 3.14
CAR 0.0 0 0.0 0 0 0 0 1.65 1.9 4.1 26.7 39.4 -8.14 3.14
TRAILER 0.0 1 0.0 0 0 0 0 4.11 3.0 11.09 27.06 8.1 -5.51 3.14
VAN 0.0 1 0.0 0 0 0 0 2.0 2.02 6.0 42.1 9.15 -6.31 3.14
TRUCK 0.0 1 0.0 0 0 0 0 3.91 3.0 5.66 22.17 3.95 -5.62 3.14
PEDESTRIAN 0.0 1 0.0 0 0 0 0 1.7 0.7 0.94 39.63 -6.57 -6.46 3.14
VAN 0.0 0 0.0 0 0 0 0 2.35 2.2 4.7 61.46 5.7 -5.69 3.14
CAR 0.0 1 0.0 0 0 0 0 1.5 1.9 4.12 50.7 7.7 -6.32 3.14
CAR 0.0 1 0.0 0 0 0 0 1.5 1.9 4.1 73.58 3.9 -6.71 3.14
