CAR 0.0 0 0.0 0 0 0 0 1.5 1.9 4.94 13.85 -24.87 -6.59 3.14
CAR 0.0 1 0.0 0 0 0 0 1.52 1.9 4.1 21.95 -20.0 -6.71 3.14
CAR 0.0 0 0.0 0 0 0 0 1.55 1.9 4.92 15.67 -17.65 -6.7 3.14
CAR 0.0 0 0.0 0 0 0 0 1.65 1.9 4.1 22.15 38.97 -8.19 3.14
CAR 0.0 0 0.0 0 0 0 0 1.4 1.9 4.36 23.23 -29.46 -6.61 3.14
CAR 0.0 0 0.0 0 0 0 0 1.65 1.9 4.1 26.37 39.56 -8.14 3.14
TRAILER 0.0 0 0.0 0 0 0 0 4.11 3.0 11.09 30.76 -0.27 -5.51 3.14
TRUCK 0.0 2 0.0 0 0 0 0 3.91 3.0 5.66 36.18 -2.92 -5.62 3.14
VAN 0.0 0 0.0 0 0 0 0 2.35 2.2 4.7 46.88 8.35 -5.69 3.14
VAN 0.0 0 0.0 0 0 0 0 2.0 2.2 6.0 12.29 -32.61 -6.18 3.14
CAR 0.0 1 0.0 0 0 0 0 1.5 1.9 4.1 17.04 -26.23 -6.48 3.14
CAR 0.0 1 0.0 0 0 0 0 1.5 1.9 4.1 56.09 6.77 -6.64 3.14
VAN 0.0 0 0.0 0 0 0 0 2.54 2.17 5.71 28.13 11.05 -6.64 3.14
CAR 0.0 1 0.0 0 0 0 0 1.51 1.9 4.1 65.01 5.19 -6.56 3.14
CAR 0.0 0 0.0 0 0 0 0 1.5 1.9 4.1 48.76 14.67 -7.16 3.14
PEDESTRIAN 0.0 1 0.0 0 0 0 0 1.75 0.73 0.85 39.7 -6.63 -6.48 3.14
CAR 0.0 1 0.0 0 0 0 0 1.5 1.8 4.31 37.8 10.45 -7.05 3.14
