CAR 0.0 0 0.0 0 0 0 0 1.5 1.9 4.94 13.8 -24.8 -6.59 3.14
CAR 0.0 1 0.0 0 0 0 0 1.52 1.9 4.1 22.01 -19.79 -6.71 3.14
CAR 0.0 0 0.0 0 0 0 0 1.55 1.9 4.92 15.74 -17.69 -6.7 3.14
CAR 0.0 0 0.0 0 0 0 0 1.65 1.9 4.1 22.1 39.0 -8.19 3.14
CAR 0.0 0 0.0 0 0 0 0 1.4 1.9 4.36 23.23 -29.47 -6.61 3.14
CAR 0.0 0 0.0 0 0 0 0 1.65 1.9 4.1 26.73 39.37 -8.14 3.14
TRAILER 0.0 0 0.0 0 0 0 0 4.11 3.0 11.09 28.32 9.24 -5.51 3.14
VAN 0.0 1 0.0 0 0 0 0 2.0 2.02 6.0 44.08 8.78 -6.31 3.14
TRUCK 0.0 0 0.0 0 0 0 0 3.91 3.0 5.66 22.53 6.06 -5.62 3.14
PEDESTRIAN 0.0 1 0.0 0 0 0 0 1.7 0.7 0.94 39.67 -6.56 -6.46 3.14
VAN 0.0 0 0.0 0 0 0 0 2.35 2.2 4.7 63.58 5.44 -5.69 3.14
CAR 0.0 1 0.0 0 0 0 0 1.5 1.9 4.12 53.05 7.45 -6.32 3.14
CAR 0.0 1 0.0 0 0 0 0 1.5 1.9 4.1 25.09 -21.24 -6.69 3.14
CAR 0.0 1 0.0 0 0 0 0 1.5 1.9 4.1 73.58 3.9 -6.71 3.14
