CAR 0.0 0 0.0 0 0 0 0 1.5 1.9 4.94 13.81 -24.82 -6.59 3.14
CAR 0.0 1 0.0 0 0 0 0 1.52 1.9 4.1 21.93 -20.01 -6.71 3.14
CAR 0.0 0 0.0 0 0 0 0 1.55 1.9 4.92 15.68 -17.65 -6.7 3.14
CAR 0.0 0 0.0 0 0 0 0 1.65 1.9 4.1 22.08 39.01 -8.19 3.14
CAR 0.0 0 0.0 0 0 0 0 1.4 1.9 4.36 23.24 -29.46 -6.61 3.14
CAR 0.0 0 0.0 0 0 0 0 1.65 1.9 4.1 26.4 39.59 -8.14 3.14
TRAILER 0.0 0 0.0 0 0 0 0 4.11 3.0 11.09 26.18 2.8 -5.51 3.14
TRUCK 0.0 2 0.0 0 0 0 0 3.91 3.0 5.66 27.0 -2.78 -5.62 3.14
PEDESTRIAN 0.0 2 0.0 0 0 0 0 1.7 0.7 0.94 39.51 -6.73 -6.46 3.14
VAN 0.0 1 0.0 0 0 0 0 2.35 2.2 4.7 52.27 7.21 -5.69 3.14
CAR 0.0 1 0.0 0 0 0 0 1.5 1.9 4.1 62.61 5.44 -6.71 3.14
VAN 0.0 0 0.0 0 0 0 0 2.0 2.2 6.0 12.27 -32.59 -6.18 3.14
CAR 0.0 1 0.0 0 0 0 0 1.5 1.9 4.1 16.1 -30.91 -6.48 3.14
CAR 0.0 0 0.0 0 0 0 0 1.49 1.9 4.1 12.23 -47.6 -6.11 3.14
CAR 0.0 1 0.0 0 0 0 0 1.51 1.9 4.1 72.24 3.88 -6.36 3.14
CAR 0.0 1 0.0 0 0 0 0 1.5 1.9 4.1 24.88 -22.3 -6.67 3.14
CAR 0.0 0 0.0 0 0 0 0 1.5 1.9 4.1 29.46 44.87 -8.24 3.14
