CAR 0.0 0 0.0 0 0 0 0 1.5 1.9 4.94 13.85 -24.8 -6.59 3.14
CAR 0.0 1 0.0 0 0 0 0 1.52 1.9 4.1 21.98 -19.81 -6.71 3.14
CAR 0.0 0 0.0 0 0 0 0 1.55 1.9 4.92 15.74 -17.69 -6.7 3.14
CAR 0.0 0 0.0 0 0 0 0 1.65 1.9 4.1 22.25 38.9 -8.19 3.14
CAR 0.0 0 0.0 0 0 0 0 1.4 1.9 4.36 23.24 -29.47 -6.61 3.14
CAR 0.0 0 0.0 0 0 0 0 1.65 1.9 4.1 26.73 39.31 -8.14 3.14
TRAILER 0.0 0 0.0 0 0 0 0 4.11 3.0 11.09 30.2 10.12 -5.51 3.14
VAN 0.0 1 0.0 0 0 0 0 2.0 2.02 6.0 46.22 8.27 -6.31 3.14
TRUCK 0.0 0 0.0 0 0 0 0 3.91 3.0 5.66 23.81 8.32 -5.62 3.14
PEDESTRIAN 0.0 1 0.0 0 0 0 0 1.7 0.7 0.94 39.66 -6.59 -6.46 3.14
VAN 0.0 0 0.0 0 0 0 0 2.35 2.2 4.7 66.13 5.19 -5.69 3.14
CAR 0.0 1 0.0 0 0 0 0 1.5 1.9 4.12 55.83 6.7 -6.32 3.14
CAR 0.0 1 0.0 0 0 0 0 1.5 1.9 4.1 25.15 -21.25 -6.69 3.14
CAR 0.0 1 0.0 0 0 0 0 1.5 1.9 4.1 75.03 2.48 -6.31 3.14
CAR 0.0 1 0.0 0 0 0 0 1.5 1.9 4.1 89.01 0.84 -6.06 3.14
