CAR 0.0 0 0.0 0 0 0 0 1.5 1.9 4.94 13.79 -24.78 -6.59 3.14
CAR 0.0 1 0.0 0 0 0 0 1.52 1.9 4.1 22.0 -19.8 -6.71 3.14
CAR 0.0 0 0.0 0 0 0 0 1.55 1.9 4.92 15.77 -17.66 -6.7 3.14
CAR 0.0 0 0.0 0 0 0 0 1.65 1.9 4.1 22.26 38.93 -8.19 3.14
CAR 0.0 0 0.0 0 0 0 0 1.4 1.9 4.36 23.24 -29.46 -6.61 3.14
CAR 0.0 0 0.0 0 0 0 0 1.65 1.9 4.1 26.67 39.38 -8.14 3.14
TRAILER 0.0 1 0.0 0 0 0 0 4.11 3.0 11.09 35.62 10.56 -5.51 3.14
VAN 0.0 1 0.0 0 0 0 0 2.0 2.02 6.0 51.91 7.38 -6.31 3.14
CAR 0.0 1 0.0 0 0 0 0 1.7 1.85 4.1 51.48 76.94 -7.25 3.14
TRUCK 0.0 0 0.0 0 0 0 0 3.91 3.0 5.66 29.07 10.83 -5.62 3.14
PEDESTRIAN 0.0 1 0.0 0 0 0 0 1.7 0.7 0.94 39.69 -6.66 -6.46 3.14
VAN 0.0 0 0.0 0 0 0 0 2.35 2.2 4.7 72.85 3.68 -5.69 3.14
CAR 0.0 1 0.0 0 0 0 0 1.5 1.9 4.12 61.4 5.79 -6.32 3.14
