CAR 0.0 0 0.0 0 0 0 0 1.5 1.9 4.94 13.8 -24.78 -6.59 3.14
CAR 0.0 1 0.0 0 0 0 0 1.52 1.9 4.1 21.97 -19.84 -6.71 3.14
CAR 0.0 0 0.0 0 0 0 0 1.55 1.9 4.92 15.75 -17.68 -6.7 3.14
CAR 0.0 0 0.0 0 0 0 0 1.65 1.9 4.1 22.27 38.9 -8.19 3.14
CAR 0.0 0 0.0 0 0 0 0 1.4 1.9 4.36 23.24 -29.46 -6.61 3.14
CAR 0.0 0 0.0 0 0 0 0 1.65 1.9 4.1 26.72 39.38 -8.14 3.14
TRAILER 0.0 1 0.0 0 0 0 0 4.11 3.0 11.09 26.46 7.59 -5.51 3.14
VAN 0.0 2 0.0 0 0 0 0 2.0 2.02 6.0 40.57 9.68 -6.31 3.14
TRUCK 0.0 0 0.0 0 0 0 0 3.91 3.0 5.66 22.2 2.8 -5.62 3.14
PEDESTRIAN 0.0 1 0.0 0 0 0 0 1.7 0.7 0.94 39.58 -6.55 -6.46 3.14
VAN 0.0 0 0.0 0 0 0 0 2.35 2.2 4.7 60.72 6.01 -5.69 3.14
CAR 0.0 1 0.0 0 0 0 0 1.5 1.9 4.12 49.26 8.11 -6.32 3.14
