CAR 0.0 0 0.0 0 0 0 0 1.5 1.9 4.94 13.83 -24.79 -6.59 3.14
CAR 0.0 1 0.0 0 0 0 0 1.52 1.9 4.1 22.01 -19.84 -6.71 3.14
CAR 0.0 0 0.0 0 0 0 0 1.55 1.9 4.92 15.74 -17.69 -6.7 3.14
CAR 0.0 0 0.0 0 0 0 0 1.65 1.9 4.1 22.29 38.9 -8.19 3.14
CAR 0.0 0 0.0 0 0 0 0 1.4 1.9 4.36 23.22 -29.48 -6.61 3.14
CAR 0.0 0 0.0 0 0 0 0 1.65 1.9 4.1 26.78 39.3 -8.14 3.14
TRAILER 0.0 1 0.0 0 0 0 0 4.11 3.0 11.09 33.29 10.66 -5.51 3.14
VAN 0.0 1 0.0 0 0 0 0 2.0 2.02 6.0 49.6 7.82 -6.31 3.14
CAR 0.0 1 0.0 0 0 0 0 1.7 1.85 4.1 54.48 86.67 -7.25 3.14
TRUCK 0.0 0 0.0 0 0 0 0 3.91 3.0 5.66 26.65 10.42 -5.62 3.14
PEDESTRIAN 0.0 1 0.0 0 0 0 0 1.7 0.7 0.94 39.7 -6.6 -6.46 3.14
VAN 0.0 0 0.0 0 0 0 0 2.35 2.2 4.7 69.89 4.32 -5.69 3.14
CAR 0.0 1 0.0 0 0 0 0 1.5 1.9 4.12 59.45 6.0 -6.32 3.14
