CAR 0.0 0 0.0 0 0 0 0 1.5 1.9 4.94 13.79 -24.85 -6.59 3.14
CAR 0.0 1 0.0 0 0 0 0 1.52 1.9 4.1 21.94 -20.05 -6.71 3.14
CAR 0.0 0 0.0 0 0 0 0 1.55 1.9 4.92 15.67 -17.65 -6.7 3.14
CAR 0.0 0 0.0 0 0 0 0 1.65 1.9 4.1 22.15 38.98 -8.19 3.14
CAR 0.0 0 0.0 0 0 0 0 1.4 1.9 4.36 23.25 -29.47 -6.61 3.14
CAR 0.0 0 0.0 0 0 0 0 1.65 1.9 4.1 26.4 39.57 -8.14 3.14
TRAILER 0.0 0 0.0 0 0 0 0 4.11 3.0 11.09 26.8 2.32 -5.51 3.14
TRUCK 0.0 2 0.0 0 0 0 0 3.91 3.0 5.66 28.84 -3.36 -5.62 3.14
VAN 0.0 1 0.0 0 0 0 0 2.35 2.2 4.7 50.97 7.46 -5.69 3.14
VAN 0.0 0 0.0 0 0 0 0 2.0 2.2 6.0 12.22 -32.57 -6.18 3.14
CAR 0.0 1 0.0 0 0 0 0 1.5 1.9 4.1 16.31 -29.55 -6.48 3.14
CAR 0.0 0 0.0 0 0 0 0 1.49 1.9 4.1 12.9 -44.37 -6.11 3.14
CAR 0.0 1 0.0 0 0 0 0 1.51 1.9 4.1 72.24 3.88 -6.36 3.14
CAR 0.0 1 0.0 0 0 0 0 1.5 1.9 4.1 24.88 -22.3 -6.67 3.14
CAR 0.0 0 0.0 0 0 0 0 1.5 1.9 4.1 29.46 44.87 -8.24 3.14
CAR 0.0 1 0.0 0 0 0 0 1.5 1.9 4.1 61.01 5.86 -6.64 3.14
VAN 0.0 0 0.0 0 0 0 0 2.54 2.17 5.71 34.41 10.63 -6.64 3.14
