CAR 0.0 0 0.0 0 0 0 0 1.5 1.9 4.94 13.81 -24.8 -6.59 3.14
CAR 0.0 1 0.0 0 0 0 0 1.52 1.9 4.1 22.01 -19.78 -6.71 3.14
CAR 0.0 0 0.0 0 0 0 0 1.55 1.9 4.92 15.74 -17.69 -6.7 3.14
CAR 0.0 0 0.0 0 0 0 0 1.65 1.9 4.1 22.29 38.9 -8.19 3.14
CAR 0.0 0 0.0 0 0 0 0 1.4 1.9 4.36 23.25 -29.46 -6.61 3.14
CAR 0.0 0 0.0 0 0 0 0 1.65 1.9 4.1 26.74 39.41 -8.14 3.14
TRAILER 0.0 0 0.0 0 0 0 0 4.11 3.0 11.09 31.66 10.49 -5.51 3.14
VAN 0.0 1 0.0 0 0 0 0 2.0 2.02 6.0 47.99 8.18 -6.31 3.14
CAR 0.0 1 0.0 0 0 0 0 1.7 1.85 4.1 56.68 93.59 -7.25 3.14
TRUCK 0.0 0 0.0 0 0 0 0 3.91 3.0 5.66 25.15 9.29 -5.62 3.14
PEDESTRIAN 0.0 1 0.0 0 0 0 0 1.7 0.7 0.94 39.65 -6.59 -6.46 3.14
VAN 0.0 0 0.0 0 0 0 0 2.35 2.2 4.7 68.0 4.58 -5.69 3.14
CAR 0.0 1 0.0 0 0 0 0 1.5 1.9 4.12 57.65 6.55 -6.32 3.14
CAR 0.0 1 0.0 0 0 0 0 1.5 1.9 4.1 25.15 -21.25 -6.69 3.14
