CAR 0.0 0 0.0 0 0 0 0 1.5 1.9 4.94 13.79 -24.79 -6.59 3.14
CAR 0.0 1 0.0 0 0 0 0 1.52 1.9 4.1 21.97 -19.84 -6.71 3.14
CAR 0.0 0 0.0 0 0 0 0 1.55 1.9 4.92 15.74 -17.69 -6.7 3.14
CAR 0.0 0 0.0 0 0 0 0 1.65 1.9 4.1 22.34 38.87 -8.19 3.14
CAR 0.0 0 0.0 0 0 0 0 1.4 1.9 4.36 23.24 -29.46 -6.61 3.14
CAR 0.0 0 0.0 0 0 0 0 1.65 1.9 4.1 26.67 39.37 -8.14 3.14
TRAILER 0.0 1 0.0 0 0 0 0 4.11 3.0 11.09 27.44 8.43 -5.51 3.14
VAN 0.0 1 0.0 0 0 0 0 2.0 2.02 6.0 42.58 9.14 -6.31 3.14
TRUCK 0.0 0 0.0 0 0 0 0 3.91 3.0 5.66 22.22 4.61 -5.62 3.14
PEDESTRIAN 0.0 1 0.0 0 0 0 0 1.7 0.7 0.94 39.62 -6.56 -6.46 3.14
VAN 0.0 0 0.0 0 0 0 0 2.35 2.2 4.7 62.09 5.7 -5.69 3.14
CAR 0.0 1 0.0 0 0 0 0 1.5 1.9 4.12 51.47 7.56 -6.32 3.14
CAR 0.0 1 0.0 0 0 0 0 1.5 1.9 4.1 73.58 3.9 -6.71 3.14
