CAR 0.0 0 0.0 0 0 0 0 1.5 1.9 4.94 13.81 -24.87 -6.59 3.14
CAR 0.0 1 0.0 0 0 0 0 1.52 1.9 4.1 21.95 -20.02 -6.71 3.14
CAR 0.0 0 0.0 0 0 0 0 1.55 1.9 4.92 15.67 -17.65 -6.7 3.14
CAR 0.0 0 0.0 0 0 0 0 1.65 1.9 4.1 22.12 39.0 -8.19 3.14
CAR 0.0 0 0.0 0 0 0 0 1.4 1.9 4.36 23.24 -29.46 -6.61 3.14
CAR 0.0 0 0.0 0 0 0 0 1.65 1.9 4.1 26.37 39.52 -8.14 3.14
TRAILER 0.0 0 0.0 0 0 0 0 4.11 3.0 11.09 26.94 2.08 -5.51 3.14
TRUCK 0.0 2 0.0 0 0 0 0 3.91 3.0 5.66 29.25 -3.43 -5.62 3.14
VAN 0.0 1 0.0 0 0 0 0 2.35 2.2 4.7 50.71 7.54 -5.69 3.14
VAN 0.0 0 0.0 0 0 0 0 2.0 2.2 6.0 12.24 -32.6 -6.18 3.14
CAR 0.0 1 0.0 0 0 0 0 1.5 1.9 4.1 16.42 -29.18 -6.48 3.14
CAR 0.0 0 0.0 0 0 0 0 1.49 1.9 4.1 13.03 -43.77 -6.11 3.14
CAR 0.0 1 0.0 0 0 0 0 1.5 1.9 4.1 24.88 -22.3 -6.67 3.14
CAR 0.0 0 0.0 0 0 0 0 1.5 1.9 4.1 29.46 44.87 -8.24 3.14
CAR 0.0 1 0.0 0 0 0 0 1.5 1.9 4.1 61.01 5.86 -6.64 3.14
VAN 0.0 0 0.0 0 0 0 0 2.54 2.17 5.71 34.03 10.69 -6.64 3.14
