CAR 0.0 0 0.0 0 0 0 0 1.5 1.9 4.94 13.83 -24.83 -6.59 3.14
CAR 0.0 1 0.0 0 0 0 0 1.52 1.9 4.1 21.93 -19.92 -6.71 3.14
CAR 0.0 0 0.0 0 0 0 0 1.55 1.9 4.92 15.7 -17.67 -6.7 3.14
CAR 0.0 0 0.0 0 0 0 0 1.65 1.9 4.1 22.15 38.89 -8.19 3.14
CAR 0.0 0 0.0 0 0 0 0 1.4 1.9 4.36 23.24 -29.49 -6.61 3.14
CAR 0.0 0 0.0 0 0 0 0 1.65 1.9 4.1 26.55 39.5 -8.14 3.14
TRAILER 0.0 0 0.0 0 0 0 0 4.11 3.0 11.09 25.56 4.2 -5.51 3.14
TRUCK 0.0 1 0.0 0 0 0 0 3.91 3.0 5.66 24.59 -1.61 -5.62 3.14
PEDESTRIAN 0.0 2 0.0 0 0 0 0 1.7 0.7 0.94 39.55 -6.67 -6.46 3.14
VAN 0.0 1 0.0 0 0 0 0 2.35 2.2 4.7 54.94 6.87 -5.69 3.14
CAR 0.0 1 0.0 0 0 0 0 1.5 1.9 4.1 64.76 3.36 -6.71 3.14
VAN 0.0 0 0.0 0 0 0 0 2.0 2.2 6.0 12.22 -32.6 -6.18 3.14
CAR 0.0 1 0.0 0 0 0 0 1.5 1.9 4.1 15.68 -33.02 -6.48 3.14
