CAR 0.0 0 0.0 0 0 0 0 1.5 1.9 4.94 13.81 -24.87 -6.59 3.14
CAR 0.0 1 0.0 0 0 0 0 1.52 1.9 4.1 21.96 -20.0 -6.71 3.14
CAR 0.0 0 0.0 0 0 0 0 1.55 1.9 4.92 15.67 -17.65 -6.7 3.14
CAR 0.0 0 0.0 0 0 0 0 1.65 1.9 4.1 22.15 38.97 -8.19 3.14
CAR 0.0 0 0.0 0 0 0 0 1.4 1.9 4.36 23.21 -29.52 -6.61 3.14
CAR 0.0 0 0.0 0 0 0 0 1.65 1.9 4.1 26.35 39.52 -8.14 3.14
TRAILER 0.0 0 0.0 0 0 0 0 4.11 3.0 11.09 28.74 0.64 -5.51 3.14
TRUCK 0.0 2 0.0 0 0 0 0 3.91 3.0 5.66 33.02 -3.36 -5.62 3.14
VAN 0.0 0 0.0 0 0 0 0 2.35 2.2 4.7 48.76 8.09 -5.69 3.14
VAN 0.0 0 0.0 0 0 0 0 2.0 2.2 6.0 12.24 -32.59 -6.18 3.14
CAR 0.0 1 0.0 0 0 0 0 1.5 1.9 4.1 16.98 -27.42 -6.48 3.14
CAR 0.0 0 0.0 0 0 0 0 1.49 1.9 4.1 14.11 -38.63 -6.11 3.14
CAR 0.0 1 0.0 0 0 0 0 1.5 1.9 4.1 24.91 -22.3 -6.67 3.14
CAR 0.0 1 0.0 0 0 0 0 1.5 1.9 4.1 57.96 6.21 -6.64 3.14
VAN 0.0 0 0.0 0 0 0 0 2.54 2.17 5.71 30.78 10.95 -6.64 3.14
CAR 0.0 1 0.0 0 0 0 0 1.51 1.9 4.1 66.9 4.82 -6.56 3.14
CAR 0.0 0 0.0 0 0 0 0 1.5 1.9 4.1 48.54 14.86 -7.16 3.14
