CAR 0.0 0 0.0 0 0 0 0 1.5 1.9 4.94 13.81 -24.78 -6.59 3.14
CAR 0.0 1 0.0 0 0 0 0 1.52 1.9 4.1 21.98 -19.85 -6.71 3.14
CAR 0.0 0 0.0 0 0 0 0 1.55 1.9 4.92 15.75 -17.7 -6.7 3.14
CAR 0.0 0 0.0 0 0 0 0 1.65 1.9 4.1 22.25 38.92 -8.19 3.14
CAR 0.0 0 0.0 0 0 0 0 1.4 1.9 4.36 23.24 -29.47 -6.61 3.14
CAR 0.0 0 0.0 0 0 0 0 1.65 1.9 4.1 26.87 39.32 -8.14 3.14
TRAILER 0.0 1 0.0 0 0 0 0 4.11 3.0 11.09 44.34 9.07 -5.51 3.14
CAR 0.0 0 0.0 0 0 0 0 1.5 1.9 4.1 48.79 15.29 -7.37 3.14
VAN 0.0 0 0.0 0 0 0 0 2.0 2.02 6.0 60.76 6.02 -6.31 3.14
CAR 0.0 0 0.0 0 0 0 0 1.7 1.85 4.1 40.07 42.37 -7.25 3.14
TRUCK 0.0 0 0.0 0 0 0 0 3.91 3.0 5.66 37.69 10.31 -5.62 3.14
PEDESTRIAN 0.0 1 0.0 0 0 0 0 1.7 0.7 0.94 39.73 -6.55 -6.46 3.14
