CAR 0.0 0 0.0 0 0 0 0 1.5 1.9 4.94 13.79 -24.78 -6.59 3.14
CAR 0.0 1 0.0 0 0 0 0 1.52 1.9 4.1 22.01 -19.76 -6.71 3.14
CAR 0.0 0 0.0 0 0 0 0 1.55 1.9 4.92 15.74 -17.69 -6.7 3.14
CAR 0.0 0 0.0 0 0 0 0 1.65 1.9 4.1 22.33 38.88 -8.19 3.14
CAR 0.0 0 0.0 0 0 0 0 1.4 1.9 4.36 23.25 -29.47 -6.61 3.14
CAR 0.0 0 0.0 0 0 0 0 1.65 1.9 4.1 26.8 39.37 -8.14 3.14
TRAILER 0.0 0 0.0 0 0 0 0 4.11 3.0 11.09 31.98 10.61 -5.51 3.14
VAN 0.0 1 0.0 0 0 0 0 2.0 2.02 6.0 48.31 8.06 -6.31 3.14
CAR 0.0 1 0.0 0 0 0 0 1.7 1.85 4.1 56.24 92.2 -7.25 3.14
TRUCK 0.0 0 0.0 0 0 0 0 3.91 3.0 5.66 25.44 9.42 -5.62 3.14
PEDESTRIAN 0.0 1 0.0 0 0 0 0 1.7 0.7 0.94 39.63 -6.6 -6.46 3.14
VAN 0.0 0 0.0 0 0 0 0 2.35 2.2 4.7 68.36 4.65 -5.69 3.14
CAR 0.0 1 0.0 0 0 0 0 1.5 1.9 4.12 58.01 6.47 -6.32 3.14
CAR 0.0 1 0.0 0 0 0 0 1.5 1.9 4.1 25.15 -21.25 -6.69 3.14
