CAR 0.0 0 0.0 0 0 0 0 1.5 1.9 4.94 13.83 -24.88 -6.59 3.14
CAR 0.0 1 0.0 0 0 0 0 1.52 1.9 4.1 21.95 -20.04 -6.71 3.14
CAR 0.0 0 0.0 0 0 0 0 1.55 1.9 4.92 15.67 -17.65 -6.7 3.14
CAR 0.0 0 0.0 0 0 0 0 1.65 1.9 4.1 22.14 38.98 -8.19 3.14
CAR 0.0 0 0.0 0 0 0 0 1.4 1.9 4.36 23.22 -29.49 -6.61 3.14
CAR 0.0 0 0.0 0 0 0 0 1.65 1.9 4.1 26.39 39.57 -8.14 3.14
TRAILER 0.0 0 0.0 0 0 0 0 4.11 3.0 11.09 27.08 1.98 -5.51 3.14
TRUCK 0.0 2 0.0 0 0 0 0 3.91 3.0 5.66 29.76 -3.4 -5.62 3.14
VAN 0.0 0 0.0 0 0 0 0 2.35 2.2 4.7 50.43 7.6 -5.69 3.14
VAN 0.0 0 0.0 0 0 0 0 2.0 2.2 6.0 12.2 -32.6 -6.18 3.14
CAR 0.0 1 0.0 0 0 0 0 1.5 1.9 4.1 16.47 -29.01 -6.48 3.14
CAR 0.0 0 0.0 0 0 0 0 1.49 1.9 4.1 13.17 -43.16 -6.11 3.14
CAR 0.0 1 0.0 0 0 0 0 1.5 1.9 4.1 24.9 -22.3 -6.67 3.14
CAR 0.0 0 0.0 0 0 0 0 1.5 1.9 4.1 29.46 44.87 -8.24 3.14
CAR 0.0 1 0.0 0 0 0 0 1.5 1.9 4.1 61.01 5.86 -6.64 3.14
VAN 0.0 0 0.0 0 0 0 0 2.54 2.17 5.71 33.61 10.89 -6.64 3.14
