CAR 0.0 0 0.0 0 0 0 0 1.5 1.9 4.94 13.82 -24.79 -6.59 3.14
CAR 0.0 1 0.0 0 0 0 0 1.52 1.9 4.1 21.97 -19.83 -6.71 3.14
CAR 0.0 0 0.0 0 0 0 0 1.55 1.9 4.92 15.75 -17.7 -6.7 3.14
CAR 0.0 0 0.0 0 0 0 0 1.65 1.9 4.1 22.18 38.94 -8.19 3.14
CAR 0.0 0 0.0 0 0 0 0 1.4 1.9 4.36 23.25 -29.46 -6.61 3.14
CAR 0.0 0 0.0 0 0 0 0 1.65 1.9 4.1 26.89 39.31 -8.14 3.14
TRAILER 0.0 1 0.0 0 0 0 0 4.11 3.0 11.09 43.24 9.3 -5.51 3.14
VAN 0.0 0 0.0 0 0 0 0 2.0 2.02 6.0 59.7 5.97 -6.31 3.14
CAR 0.0 0 0.0 0 0 0 0 1.7 1.85 4.1 41.56 46.11 -7.25 3.14
TRUCK 0.0 0 0.0 0 0 0 0 3.91 3.0 5.66 36.64 10.42 -5.62 3.14
PEDESTRIAN 0.0 1 0.0 0 0 0 0 1.7 0.7 0.94 39.7 -6.59 -6.46 3.14
