CAR 0.0 0 0.0 0 0 0 0 1.5 1.9 4.94 13.83 -24.79 -6.59 3.14
CAR 0.0 1 0.0 0 0 0 0 1.52 1.9 4.1 22.0 -19.77 -6.71 3.14
CAR 0.0 0 0.0 0 0 0 0 1.55 1.9 4.92 15.75 -17.68 -6.7 3.14
CAR 0.0 0 0.0 0 0 0 0 1.65 1.9 4.1 22.26 38.93 -8.19 3.14
CAR 0.0 0 0.0 0 0 0 0 1.4 1.9 4.36 23.24 -29.47 -6.61 3.14
CAR 0.0 0 0.0 0 0 0 0 1.65 1.9 4.1 26.79 39.38 -8.14 3.14
TRAILER 0.0 1 0.0 0 0 0 0 4.11 3.0 11.09 35.24 10.58 -5.51 3.14
VAN 0.0 1 0.0 0 0 0 0 2.0 2.02 6.0 51.53 7.3 -6.31 3.14
CAR 0.0 1 0.0 0 0 0 0 1.7 1.85 4.1 51.93 78.32 -7.25 3.14
TRUCK 0.0 0 0.0 0 0 0 0 3.91 3.0 5.66 28.65 10.96 -5.62 3.14
PEDESTRIAN 0.0 1 0.0 0 0 0 0 1.7 0.7 0.94 39.72 -6.67 -6.46 3.14
VAN 0.0 0 0.0 0 0 0 0 2.35 2.2 4.7 72.5 3.74 -5.69 3.14
CAR 0.0 1 0.0 0 0 0 0 1.5 1.9 4.12 61.58 5.55 -6.32 3.14
