CAR 0.0 0 0.0 0 0 0 0 1.5 1.9 4.94 13.85 -24.81 -6.59 3.14
CAR 0.0 1 0.0 0 0 0 0 1.52 1.9 4.1 21.98 -19.81 -6.71 3.14
CAR 0.0 0 0.0 0 0 0 0 1.55 1.9 4.92 15.75 -17.69 -6.7 3.14
CAR 0.0 0 0.0 0 0 0 0 1.65 1.9 4.1 22.25 38.9 -8.19 3.14
CAR 0.0 0 0.0 0 0 0 0 1.4 1.9 4.36 23.24 -29.47 -6.61 3.14
CAR 0.0 0 0.0 0 0 0 0 1.65 1.9 4.1 26.71 39.4 -8.14 3.14
TRAILER 0.0 0 0.0 0 0 0 0 4.11 3.0 11.09 30.46 10.36 -5.51 3.14
VAN 0.0 1 0.0 0 0 0 0 2.0 2.02 6.0 46.65 8.31 -6.31 3.14
TRUCK 0.0 0 0.0 0 0 0 0 3.91 3.0 5.66 24.07 8.54 -5.62 3.14
PEDESTRIAN 0.0 1 0.0 0 0 0 0 1.7 0.7 0.94 39.62 -6.58 -6.46 3.14
VAN 0.0 0 0.0 0 0 0 0 2.35 2.2 4.7 66.51 5.11 -5.69 3.14
CAR 0.0 1 0.0 0 0 0 0 1.5 1.9 4.12 56.2 6.64 -6.32 3.14
CAR 0.0 1 0.0 0 0 0 0 1.5 1.9 4.1 25.15 -21.25 -6.69 3.14
CAR 0.0 1 0.0 0 0 0 0 1.5 1.9 4.1 76.08 2.68 -6.31 3.14
