CAR 0.0 0 0.0 0 0 0 0 1.5 1.9 4.94 13.79 -24.79 -6.59 3.14
CAR 0.0 1 0.0 0 0 0 0 1.52 1.9 4.1 22.0 -19.8 -6.71 3.14
CAR 0.0 0 0.0 0 0 0 0 1.55 1.9 4.92 15.75 -17.7 -6.7 3.14
CAR 0.0 0 0.0 0 0 0 0 1.65 1.9 4.1 22.26 38.9 -8.19 3.14
CAR 0.0 0 0.0 0 0 0 0 1.4 1.9 4.36 23.24 -29.46 -6.61 3.14
CAR 0.0 0 0.0 0 0 0 0 1.65 1.9 4.1 26.74 39.39 -8.14 3.14
TRAILER 0.0 1 0.0 0 0 0 0 4.11 3.0 11.09 36.63 10.44 -5.51 3.14
VAN 0.0 1 0.0 0 0 0 0 2.0 2.02 6.0 53.15 7.14 -6.31 3.14
CAR 0.0 2 0.0 0 0 0 0 1.7 1.85 4.1 50.27 72.51 -7.25 3.14
TRUCK 0.0 0 0.0 0 0 0 0 3.91 3.0 5.66 30.08 10.96 -5.62 3.14
PEDESTRIAN 0.0 1 0.0 0 0 0 0 1.7 0.7 0.94 39.74 -6.65 -6.46 3.14
VAN 0.0 0 0.0 0 0 0 0 2.35 2.2 4.7 73.91 3.51 -5.69 3.14
CAR 0.0 1 0.0 0 0 0 0 1.5 1.9 4.12 62.68 5.52 -6.32 3.14
CAR 0.0 1 0.0 0 0 0 0 1.5 1.9 4.1 29.44 45.03 -8.17 3.14
