CAR 0.0 0 0.0 0 0 0 0 1.5 1.9 4.94 13.79 -24.78 -6.59 3.14
CAR 0.0 1 0.0 0 0 0 0 1.52 1.9 4.1 22.01 -19.79 -6.71 3.14
CAR 0.0 0 0.0 0 0 0 0 1.55 1.9 4.92 15.74 -17.69 -6.7 3.14
CAR 0.0 0 0.0 0 0 0 0 1.65 1.9 4.1 22.32 38.89 -8.19 3.14
CAR 0.0 0 0.0 0 0 0 0 1.4 1.9 4.36 23.24 -29.48 -6.61 3.14
CAR 0.0 0 0.0 0 0 0 0 1.65 1.9 4.1 26.77 39.38 -8.14 3.14
TRAILER 0.0 1 0.0 0 0 0 0 4.11 3.0 11.09 26.79 7.89 -5.51 3.14
VAN 0.0 2 0.0 0 0 0 0 2.0 2.02 6.0 41.62 9.21 -6.31 3.14
TRUCK 0.0 0 0.0 0 0 0 0 3.91 3.0 5.66 22.16 3.55 -5.62 3.14
PEDESTRIAN 0.0 1 0.0 0 0 0 0 1.7 0.7 0.94 39.62 -6.54 -6.46 3.14
VAN 0.0 0 0.0 0 0 0 0 2.35 2.2 4.7 61.1 5.76 -5.69 3.14
CAR 0.0 1 0.0 0 0 0 0 1.5 1.9 4.12 50.13 7.8 -6.32 3.14
CAR 0.0 1 0.0 0 0 0 0 1.5 1.9 4.1 73.58 3.9 -6.71 3.14
