CAR 0.0 0 0.0 0 0 0 0 1.5 1.9 4.94 13.77 -24.86 -6.59 3.14
CAR 0.0 1 0.0 0 0 0 0 1.52 1.9 4.1 21.95 -20.04 -6.71 3.14
CAR 0.0 0 0.0 0 0 0 0 1.55 1.9 4.92 15.67 -17.65 -6.7 3.14
CAR 0.0 0 0.0 0 0 0 0 1.65 1.9 4.1 22.15 38.98 -8.19 3.14
CAR 0.0 0 0.0 0 0 0 0 1.4 1.9 4.36 23.2 -29.52 -6.61 3.14
CAR 0.0 0 0.0 0 0 0 0 1.65 1.9 4.1 26.37 39.56 -8.14 3.14
TRAILER 0.0 0 0.0 0 0 0 0 4.11 3.0 11.09 35.48 -1.29 -5.51 3.14
VAN 0.0 0 0.0 0 0 0 0 2.35 2.2 4.7 44.32 8.78 -5.69 3.14
VAN 0.0 0 0.0 0 0 0 0 2.0 2.2 6.0 12.23 -32.59 -6.18 3.14
CAR 0.0 1 0.0 0 0 0 0 1.5 1.9 4.1 17.41 -24.88 -6.48 3.14
CAR 0.0 1 0.0 0 0 0 0 1.5 1.9 4.1 53.46 7.13 -6.64 3.14
VAN 0.0 0 0.0 0 0 0 0 2.54 2.17 5.71 23.82 10.38 -6.64 3.14
CAR 0.0 1 0.0 0 0 0 0 1.51 1.9 4.1 62.48 5.64 -6.56 3.14
CAR 0.0 0 0.0 0 0 0 0 1.5 1.9 4.1 48.73 14.65 -7.16 3.14
PEDESTRIAN 0.0 1 0.0 0 0 0 0 1.75 0.73 0.85 39.77 -6.64 -6.48 3.14
CAR 0.0 0 0.0 0 0 0 0 1.5 1.8 4.31 33.99 11.06 -7.05 3.14
CAR 0.0 1 0.0 0 0 0 0 1.5 1.9 4.1 24.91 -22.3 -6.67 3.14
CAR 0.0 1 0.0 0 0 0 0 1.49 1.9 4.1 15.3 -33.72 -6.4 3.14
