CAR 0.0 0 0.0 0 0 0 0 1.5 1.9 4.94 13.82 -24.85 -6.59 3.14
CAR 0.0 1 0.0 0 0 0 0 1.52 1.9 4.1 21.94 -19.98 -6.71 3.14
CAR 0.0 0 0.0 0 0 0 0 1.55 1.9 4.92 15.69 -17.67 -6.7 3.14
CAR 0.0 0 0.0 0 0 0 0 1.65 1.9 4.1 22.13 38.96 -8.19 3.14
CAR 0.0 0 0.0 0 0 0 0 1.4 1.9 4.36 23.25 -29.5 -6.61 3.14
CAR 0.0 0 0.0 0 0 0 0 1.65 1.9 4.1 26.45 39.56 -8.14 3.14
TRAILER 0.0 0 0.0 0 0 0 0 4.11 3.0 11.09 25.65 3.97 -5.51 3.14
TRUCK 0.0 1 0.0 0 0 0 0 3.91 3.0 5.66 24.86 -1.81 -5.62 3.14
PEDESTRIAN 0.0 2 0.0 0 0 0 0 1.7 0.7 0.94 39.55 -6.68 -6.46 3.14
VAN 0.0 1 0.0 0 0 0 0 2.35 2.2 4.7 54.47 6.9 -5.69 3.14
CAR 0.0 1 0.0 0 0 0 0 1.5 1.9 4.1 64.5 5.25 -6.71 3.14
VAN 0.0 0 0.0 0 0 0 0 2.0 2.2 6.0 12.25 -32.58 -6.18 3.14
CAR 0.0 1 0.0 0 0 0 0 1.5 1.9 4.1 15.72 -32.73 -6.48 3.14
CAR 0.0 0 0.0 0 0 0 0 1.49 1.9 4.1 11.3 -51.69 -6.11 3.14
