CAR 0.0 0 0.0 0 0 0 0 1.5 1.9 4.94 13.83 -24.85 -6.59 3.14
CAR 0.0 1 0.0 0 0 0 0 1.52 1.9 4.1 21.95 -20.01 -6.71 3.14
CAR 0.0 0 0.0 0 0 0 0 1.55 1.9 4.92 15.68 -17.65 -6.7 3.14
CAR 0.0 0 0.0 0 0 0 0 1.65 1.9 4.1 22.12 38.99 -8.19 3.14
CAR 0.0 0 0.0 0 0 0 0 1.4 1.9 4.36 23.24 -29.46 -6.61 3.14
CAR 0.0 0 0.0 0 0 0 0 1.65 1.9 4.1 26.41 39.61 -8.14 3.14
TRAILER 0.0 0 0.0 0 0 0 0 4.11 3.0 11.09 26.31 2.79 -5.51 3.14
TRUCK 0.0 2 0.0 0 0 0 0 3.91 3.0 5.66 27.38 -2.99 -5.62 3.14
VAN 0.0 1 0.0 0 0 0 0 2.35 2.2 4.7 52.05 7.26 -5.69 3.14
CAR 0.0 1 0.0 0 0 0 0 1.5 1.9 4.1 62.27 5.47 -6.71 3.14
VAN 0.0 0 0.0 0 0 0 0 2.0 2.2 6.0 12.21 -32.56 -6.18 3.14
CAR 0.0 1 0.0 0 0 0 0 1.5 1.9 4.1 16.12 -30.62 -6.48 3.14
CAR 0.0 0 0.0 0 0 0 0 1.49 1.9 4.1 12.44 -46.98 -6.11 3.14
CAR 0.0 1 0.0 0 0 0 0 1.51 1.9 4.1 72.24 3.88 -6.36 3.14
CAR 0.0 1 0.0 0 0 0 0 1.5 1.9 4.1 24.88 -22.3 -6.67 3.14
CAR 0.0 0 0.0 0 0 0 0 1.5 1.9 4.1 29.46 44.87 -8.24 3.14
