CAR 0.0 0 0.0 0 0 0 0 1.5 1.9 4.94 13.83 -24.87 -6.59 3.14
CAR 0.0 1 0.0 0 0 0 0 1.52 1.9 4.1 21.94 -20.04 -6.71 3.14
CAR 0.0 0 0.0 0 0 0 0 1.55 1.9 4.92 15.67 -17.65 -6.7 3.14
CAR 0.0 0 0.0 0 0 0 0 1.65 1.9 4.1 22.11 38.99 -8.19 3.14
CAR 0.0 0 0.0 0 0 0 0 1.4 1.9 4.36 23.21 -29.5 -6.61 3.14
CAR 0.0 0 0.0 0 0 0 0 1.65 1.9 4.1 26.35 39.51 -8.14 3.14
TRAILER 0.0 0 0.0 0 0 0 0 4.11 3.0 11.09 34.2 -1.1 -5.51 3.14
TRUCK 0.0 2 0.0 0 0 0 0 3.91 3.0 5.66 39.29 -3.0 -5.62 3.14
VAN 0.0 0 0.0 0 0 0 0 2.35 2.2 4.7 44.95 8.66 -5.69 3.14
VAN 0.0 0 0.0 0 0 0 0 2.0 2.2 6.0 12.25 -32.59 -6.18 3.14
CAR 0.0 1 0.0 0 0 0 0 1.5 1.9 4.1 17.34 -25.13 -6.48 3.14
CAR 0.0 1 0.0 0 0 0 0 1.5 1.9 4.1 54.01 7.04 -6.64 3.14
VAN 0.0 0 0.0 0 0 0 0 2.54 2.17 5.71 24.85 10.72 -6.64 3.14
CAR 0.0 1 0.0 0 0 0 0 1.51 1.9 4.1 62.79 5.6 -6.56 3.14
CAR 0.0 0 0.0 0 0 0 0 1.5 1.9 4.1 48.75 14.64 -7.16 3.14
PEDESTRIAN 0.0 1 0.0 0 0 0 0 1.75 0.73 0.85 39.8 -6.63 -6.48 3.14
CAR 0.0 0 0.0 0 0 0 0 1.5 1.8 4.31 34.97 11.01 -7.05 3.14
CAR 0.0 1 0.0 0 0 0 0 1.5 1.9 4.1 24.91 -22.3 -6.67 3.14
CAR 0.0 1 0.0 0 0 0 0 1.49 1.9 4.1 15.1 -34.24 -6.4 3.14
