CAR 0.0 0 0.0 0 0 0 0 1.5 1.9 4.94 13.8 -24.78 -6.59 3.14
CAR 0.0 1 0.0 0 0 0 0 1.52 1.9 4.1 21.99 -19.78 -6.71 3.14
CAR 0.0 0 0.0 0 0 0 0 1.55 1.9 4.92 15.73 -17.68 -6.7 3.14
CAR 0.0 0 0.0 0 0 0 0 1.65 1.9 4.1 22.26 38.91 -8.19 3.14
CAR 0.0 0 0.0 0 0 0 0 1.4 1.9 4.36 23.23 -29.46 -6.61 3.14
CAR 0.0 0 0.0 0 0 0 0 1.65 1.9 4.1 26.77 39.3 -8.14 3.14
TRAILER 0.0 1 0.0 0 0 0 0 4.11 3.0 11.09 33.97 10.69 -5.51 3.14
VAN 0.0 1 0.0 0 0 0 0 2.0 2.02 6.0 50.3 7.86 -6.31 3.14
CAR 0.0 1 0.0 0 0 0 0 1.7 1.85 4.1 53.59 83.91 -7.25 3.14
TRUCK 0.0 0 0.0 0 0 0 0 3.91 3.0 5.66 27.23 10.52 -5.62 3.14
PEDESTRIAN 0.0 1 0.0 0 0 0 0 1.7 0.7 0.94 39.7 -6.62 -6.46 3.14
VAN 0.0 0 0.0 0 0 0 0 2.35 2.2 4.7 70.63 4.21 -5.69 3.14
CAR 0.0 1 0.0 0 0 0 0 1.5 1.9 4.12 60.18 5.87 -6.32 3.14
