CAR 0.0 0 0.0 0 0 0 0 1.5 1.9 4.94 13.83 -24.87 -6.59 3.14
CAR 0.0 1 0.0 0 0 0 0 1.52 1.9 4.1 21.93 -20.03 -6.71 3.14
CAR 0.0 0 0.0 0 0 0 0 1.55 1.9 4.92 15.67 -17.65 -6.7 3.14
CAR 0.0 0 0.0 0 0 0 0 1.65 1.9 4.1 22.15 38.98 -8.19 3.14
CAR 0.0 0 0.0 0 0 0 0 1.4 1.9 4.36 23.21 -29.5 -6.61 3.14
CAR 0.0 0 0.0 0 0 0 0 1.65 1.9 4.1 26.37 39.55 -8.14 3.14
TRAILER 0.0 0 0.0 0 0 0 0 4.11 3.0 11.09 32.12 -0.75 -5.51 3.14
TRUCK 0.0 2 0.0 0 0 0 0 3.91 3.0 5.66 37.51 -2.95 -5.62 3.14
VAN 0.0 0 0.0 0 0 0 0 2.35 2.2 4.7 46.11 8.41 -5.69 3.14
VAN 0.0 0 0.0 0 0 0 0 2.0 2.2 6.0 12.23 -32.63 -6.18 3.14
CAR 0.0 1 0.0 0 0 0 0 1.5 1.9 4.1 17.17 -25.75 -6.48 3.14
CAR 0.0 1 0.0 0 0 0 0 1.5 1.9 4.1 55.22 6.95 -6.64 3.14
VAN 0.0 0 0.0 0 0 0 0 2.54 2.17 5.71 26.79 10.95 -6.64 3.14
CAR 0.0 1 0.0 0 0 0 0 1.51 1.9 4.1 64.06 5.37 -6.56 3.14
CAR 0.0 0 0.0 0 0 0 0 1.5 1.9 4.1 48.76 14.67 -7.16 3.14
PEDESTRIAN 0.0 1 0.0 0 0 0 0 1.75 0.73 0.85 39.73 -6.64 -6.48 3.14
CAR 0.0 1 0.0 0 0 0 0 1.5 1.8 4.31 36.66 10.59 -7.05 3.14
CAR 0.0 1 0.0 0 0 0 0 1.5 1.9 4.1 24.91 -22.3 -6.67 3.14
CAR 0.0 1 0.0 0 0 0 0 1.49 1.9 4.1 14.85 -35.54 -6.4 3.14
