CAR 0.0 0 0.0 0 0 0 0 1.5 1.9 4.94 13.82 -24.88 -6.59 3.14
CAR 0.0 1 0.0 0 0 0 0 1.52 1.9 4.1 21.94 -20.03 -6.71 3.14
CAR 0.0 0 0.0 0 0 0 0 1.55 1.9 4.92 15.67 -17.65 -6.7 3.14
CAR 0.0 0 0.0 0 0 0 0 1.65 1.9 4.1 22.15 38.98 -8.19 3.14
CAR 0.0 0 0.0 0 0 0 0 1.4 1.9 4.36 23.22 -29.5 -6.61 3.14
CAR 0.0 0 0.0 0 0 0 0 1.65 1.9 4.1 26.34 39.5 -8.14 3.14
TRAILER 0.0 0 0.0 0 0 0 0 4.11 3.0 11.09 33.64 -1.11 -5.51 3.14
TRUCK 0.0 2 0.0 0 0 0 0 3.91 3.0 5.66 38.84 -2.98 -5.62 3.14
VAN 0.0 0 0.0 0 0 0 0 2.35 2.2 4.7 45.2 8.58 -5.69 3.14
VAN 0.0 0 0.0 0 0 0 0 2.0 2.2 6.0 12.24 -32.62 -6.18 3.14
CAR 0.0 1 0.0 0 0 0 0 1.5 1.9 4.1 17.31 -25.23 -6.48 3.14
CAR 0.0 1 0.0 0 0 0 0 1.5 1.9 4.1 54.3 7.0 -6.64 3.14
VAN 0.0 0 0.0 0 0 0 0 2.54 2.17 5.71 25.36 10.83 -6.64 3.14
CAR 0.0 1 0.0 0 0 0 0 1.51 1.9 4.1 63.11 5.54 -6.56 3.14
CAR 0.0 0 0.0 0 0 0 0 1.5 1.9 4.1 48.75 14.65 -7.16 3.14
PEDESTRIAN 0.0 1 0.0 0 0 0 0 1.75 0.73 0.85 39.73 -6.65 -6.48 3.14
CAR 0.0 1 0.0 0 0 0 0 1.5 1.8 4.31 35.42 10.89 -7.05 3.14
CAR 0.0 1 0.0 0 0 0 0 1.5 1.9 4.1 24.91 -22.3 -6.67 3.14
CAR 0.0 1 0.0 0 0 0 0 1.49 1.9 4.1 14.93 -34.47 -6.4 3.14
