CAR 0.0 0 0.0 0 0 0 0 1.5 1.9 4.94 13.83 -24.78 -6.59 3.14
CAR 0.0 1 0.0 0 0 0 0 1.52 1.9 4.1 22.02 -19.81 -6.71 3.14
CAR 0.0 0 0.0 0 0 0 0 1.55 1.9 4.92 15.74 -17.7 -6.7 3.14
CAR 0.0 0 0.0 0 0 0 0 1.65 1.9 4.1 22.26 38.91 -8.19 3.14
CAR 0.0 0 0.0 0 0 0 0 1.4 1.9 4.36 23.25 -29.47 -6.61 3.14
CAR 0.0 0 0.0 0 0 0 0 1.65 1.9 4.1 26.78 39.41 -8.14 3.14
TRAILER 0.0 0 0.0 0 0 0 0 4.11 3.0 11.09 32.32 10.65 -5.51 3.14
VAN 0.0 1 0.0 0 0 0 0 2.0 2.02 6.0 48.64 8.21 -6.31 3.14
CAR 0.0 1 0.0 0 0 0 0 1.7 1.85 4.1 55.8 90.82 -7.25 3.14
TRUCK 0.0 0 0.0 0 0 0 0 3.91 3.0 5.66 25.75 9.6 -5.62 3.14
PEDESTRIAN 0.0 1 0.0 0 0 0 0 1.7 0.7 0.94 39.66 -6.65 -6.46 3.14
VAN 0.0 0 0.0 0 0 0 0 2.35 2.2 4.7 68.75 4.73 -5.69 3.14
CAR 0.0 1 0.0 0 0 0 0 1.5 1.9 4.12 58.33 6.2 -6.32 3.14
