CAR 0.0 0 0.0 0 0 0 0 1.5 1.9 4.94 13.85 -24.87 -6.59 3.14
CAR 0.0 1 0.0 0 0 0 0 1.52 1.9 4.1 21.95 -20.04 -6.71 3.14
CAR 0.0 0 0.0 0 0 0 0 1.55 1.9 4.92 15.67 -17.65 -6.7 3.14
CAR 0.0 0 0.0 0 0 0 0 1.65 1.9 4.1 22.14 38.99 -8.19 3.14
CAR 0.0 0 0.0 0 0 0 0 1.4 1.9 4.36 23.21 -29.53 -6.61 3.14
CAR 0.0 0 0.0 0 0 0 0 1.65 1.9 4.1 26.36 39.54 -8.14 3.14
TRAILER 0.0 0 0.0 0 0 0 0 4.11 3.0 11.09 38.82 -1.74 -5.51 3.14
VAN 0.0 0 0.0 0 0 0 0 2.35 2.2 4.7 42.54 9.04 -5.69 3.14
VAN 0.0 0 0.0 0 0 0 0 2.0 2.2 6.0 12.26 -32.61 -6.18 3.14
CAR 0.0 1 0.0 0 0 0 0 1.5 1.9 4.1 17.59 -24.13 -6.48 3.14
CAR 0.0 1 0.0 0 0 0 0 1.5 1.9 4.1 51.93 7.38 -6.64 3.14
VAN 0.0 0 0.0 0 0 0 0 2.54 2.17 5.71 21.2 9.04 -6.64 3.14
CAR 0.0 1 0.0 0 0 0 0 1.51 1.9 4.1 61.13 5.94 -6.56 3.14
CAR 0.0 0 0.0 0 0 0 0 1.5 1.9 4.1 48.74 14.65 -7.16 3.14
PEDESTRIAN 0.0 1 0.0 0 0 0 0 1.75 0.73 0.85 39.77 -6.63 -6.48 3.14
CAR 0.0 0 0.0 0 0 0 0 1.5 1.8 4.31 31.43 11.17 -7.05 3.14
CAR 0.0 1 0.0 0 0 0 0 1.49 1.9 4.1 15.42 -32.4 -6.4 3.14
CAR 0.0 1 0.0 0 0 0 0 1.5 1.9 4.1 24.9 -22.3 -6.67 3.14
