CAR 0.0 0 0.0 0 0 0 0 1.5 1.9 4.94 13.81 -24.87 -6.59 3.14
CAR 0.0 1 0.0 0 0 0 0 1.52 1.9 4.1 21.92 -19.99 -6.71 3.14
CAR 0.0 0 0.0 0 0 0 0 1.55 1.9 4.92 15.67 -17.65 -6.7 3.14
CAR 0.0 0 0.0 0 0 0 0 1.65 1.9 4.1 22.15 38.98 -8.19 3.14
CAR 0.0 0 0.0 0 0 0 0 1.4 1.9 4.36 23.25 -29.49 -6.61 3.14
CAR 0.0 0 0.0 0 0 0 0 1.65 1.9 4.1 26.37 39.55 -8.14 3.14
TRAILER 0.0 0 0.0 0 0 0 0 4.11 3.0 11.09 29.3 0.32 -5.51 3.14
TRUCK 0.0 2 0.0 0 0 0 0 3.91 3.0 5.66 34.15 -3.25 -5.62 3.14
VAN 0.0 0 0.0 0 0 0 0 2.35 2.2 4.7 48.13 8.13 -5.69 3.14
VAN 0.0 0 0.0 0 0 0 0 2.0 2.2 6.0 12.24 -32.59 -6.18 3.14
CAR 0.0 1 0.0 0 0 0 0 1.5 1.9 4.1 16.94 -26.94 -6.48 3.14
CAR 0.0 1 0.0 0 0 0 0 1.5 1.9 4.1 57.31 6.31 -6.64 3.14
VAN 0.0 0 0.0 0 0 0 0 2.54 2.17 5.71 29.88 11.02 -6.64 3.14
CAR 0.0 1 0.0 0 0 0 0 1.51 1.9 4.1 66.26 4.94 -6.56 3.14
CAR 0.0 0 0.0 0 0 0 0 1.5 1.9 4.1 48.75 14.7 -7.16 3.14
PEDESTRIAN 0.0 1 0.0 0 0 0 0 1.75 0.73 0.85 39.86 -6.69 -6.48 3.14
CAR 0.0 1 0.0 0 0 0 0 1.5 1.8 4.31 39.12 10.16 -7.05 3.14
