CAR 0.0 0 0.0 0 0 0 0 1.5 1.9 4.94 13.82 -24.79 -6.59 3.14
CAR 0.0 1 0.0 0 0 0 0 1.52 1.9 4.1 22.01 -19.8 -6.71 3.14
CAR 0.0 0 0.0 0 0 0 0 1.55 1.9 4.92 15.76 -17.68 -6.7 3.14
CAR 0.0 0 0.0 0 0 0 0 1.65 1.9 4.1 22.26 38.91 -8.19 3.14
CAR 0.0 0 0.0 0 0 0 0 1.4 1.9 4.36 23.25 -29.47 -6.61 3.14
CAR 0.0 0 0.0 0 0 0 0 1.65 1.9 4.1 26.81 39.33 -8.14 3.14
TRAILER 0.0 0 0.0 0 0 0 0 4.11 3.0 11.09 25.4 4.4 -5.51 3.14
TRUCK 0.0 1 0.0 0 0 0 0 3.91 3.0 5.66 24.28 -1.49 -5.62 3.14
PEDESTRIAN 0.0 2 0.0 0 0 0 0 1.7 0.7 0.94 39.56 -6.66 -6.46 3.14
VAN 0.0 1 0.0 0 0 0 0 2.35 2.2 4.7 55.42 7.08 -5.69 3.14
CAR 0.0 1 0.0 0 0 0 0 1.5 1.9 4.1 65.15 3.69 -6.71 3.14
