CAR 0.0 0 0.0 0 0 0 0 1.5 1.9 4.94 13.85 -24.87 -6.59 3.14
CAR 0.0 1 0.0 0 0 0 0 1.52 1.9 4.1 21.95 -20.0 -6.71 3.14
CAR 0.0 0 0.0 0 0 0 0 1.55 1.9 4.92 15.69 -17.65 -6.7 3.14
CAR 0.0 0 0.0 0 0 0 0 1.65 1.9 4.1 22.13 38.97 -8.19 3.14
CAR 0.0 0 0.0 0 0 0 0 1.4 1.9 4.36 23.21 -29.52 -6.61 3.14
CAR 0.0 0 0.0 0 0 0 0 1.65 1.9 4.1 26.41 39.57 -8.14 3.14
TRAILER 0.0 0 0.0 0 0 0 0 4.11 3.0 11.09 25.72 3.72 -5.51 3.14
TRUCK 0.0 1 0.0 0 0 0 0 3.91 3.0 5.66 25.15 -2.09 -5.62 3.14
PEDESTRIAN 0.0 2 0.0 0 0 0 0 1.7 0.7 0.94 39.54 -6.69 -6.46 3.14
VAN 0.0 1 0.0 0 0 0 0 2.35 2.2 4.7 54.1 6.95 -5.69 3.14
CAR 0.0 1 0.0 0 0 0 0 1.5 1.9 4.1 64.31 5.29 -6.71 3.14
VAN 0.0 0 0.0 0 0 0 0 2.0 2.2 6.0 12.31 -32.59 -6.18 3.14
CAR 0.0 1 0.0 0 0 0 0 1.5 1.9 4.1 15.82 -32.4 -6.48 3.14
CAR 0.0 0 0.0 0 0 0 0 1.49 1.9 4.1 11.58 -50.98 -6.11 3.14
