CAR 0.0 0 0.0 0 0 0 0 1.5 1.9 4.94 13.81 -24.79 -6.59 3.14
CAR 0.0 1 0.0 0 0 0 0 1.52 1.9 4.1 21.98 -19.93 -6.71 3.14
CAR 0.0 0 0.0 0 0 0 0 1.55 1.9 4.92 15.73 -17.69 -6.7 3.14
CAR 0.0 0 0.0 0 0 0 0 1.65 1.9 4.1 22.27 38.92 -8.19 3.14
CAR 0.0 0 0.0 0 0 0 0 1.4 1.9 4.36 23.22 -29.46 -6.61 3.14
CAR 0.0 0 0.0 0 0 0 0 1.65 1.9 4.1 26.71 39.4 -8.14 3.14
TRAILER 0.0 0 0.0 0 0 0 0 4.11 3.0 11.09 25.83 6.48 -5.51 3.14
VAN 0.0 2 0.0 0 0 0 0 2.0 2.02 6.0 38.8 9.95 -6.31 3.14
TRUCK 0.0 1 0.0 0 0 0 0 3.91 3.0 5.66 22.61 1.04 -5.62 3.14
PEDESTRIAN 0.0 1 0.0 0 0 0 0 1.7 0.7 0.94 39.59 -6.54 -6.46 3.14
VAN 0.0 0 0.0 0 0 0 0 2.35 2.2 4.7 58.51 6.37 -5.69 3.14
CAR 0.0 1 0.0 0 0 0 0 1.5 1.9 4.12 47.24 8.52 -6.32 3.14
CAR 0.0 1 0.0 0 0 0 0 1.5 1.9 4.1 25.21 -21.27 -6.66 3.14
