CAR 0.0 0 0.0 0 0 0 0 1.5 1.9 4.94 13.82 -24.79 -6.59 3.14
CAR 0.0 1 0.0 0 0 0 0 1.52 1.9 4.1 22.01 -19.82 -6.71 3.14
CAR 0.0 0 0.0 0 0 0 0 1.55 1.9 4.92 15.75 -17.7 -6.7 3.14
CAR 0.0 0 0.0 0 0 0 0 1.65 1.9 4.1 22.3 38.88 -8.19 3.14
CAR 0.0 0 0.0 0 0 0 0 1.4 1.9 4.36 23.25 -29.48 -6.61 3.14
CAR 0.0 0 0.0 0 0 0 0 1.65 1.9 4.1 26.73 39.35 -8.14 3.14
TRAILER 0.0 0 0.0 0 0 0 0 4.11 3.0 11.09 29.32 9.86 -5.51 3.14
VAN 0.0 1 0.0 0 0 0 0 2.0 2.02 6.0 45.4 8.51 -6.31 3.14
TRUCK 0.0 0 0.0 0 0 0 0 3.91 3.0 5.66 23.16 7.42 -5.62 3.14
PEDESTRIAN 0.0 1 0.0 0 0 0 0 1.7 0.7 0.94 39.65 -6.68 -6.46 3.14
VAN 0.0 0 0.0 0 0 0 0 2.35 2.2 4.7 65.01 5.14 -5.69 3.14
CAR 0.0 1 0.0 0 0 0 0 1.5 1.9 4.12 54.75 6.89 -6.32 3.14
CAR 0.0 1 0.0 0 0 0 0 1.5 1.9 4.1 25.11 -21.24 -6.69 3.14
CAR 0.0 1 0.0 0 0 0 0 1.5 1.9 4.1 71.88 1.86 -6.31 3.14
