CAR 0.0 0 0.0 0 0 0 0 1.5 1.9 4.94 13.76 -24.78 -6.59 3.14
CAR 0.0 1 0.0 0 0 0 0 1.52 1.9 4.1 22.02 -19.78 -6.71 3.14
CAR 0.0 0 0.0 0 0 0 0 1.55 1.9 4.92 15.76 -17.7 -6.7 3.14
CAR 0.0 0 0.0 0 0 0 0 1.65 1.9 4.1 22.25 38.89 -8.19 3.14
CAR 0.0 0 0.0 0 0 0 0 1.4 1.9 4.36 23.23 -29.48 -6.61 3.14
CAR 0.0 0 0.0 0 0 0 0 1.65 1.9 4.1 26.68 39.33 -8.14 3.14
TRAILER 0.0 1 0.0 0 0 0 0 4.11 3.0 11.09 37.35 10.33 -5.51 3.14
VAN 0.0 1 0.0 0 0 0 0 2.0 2.02 6.0 53.62 7.08 -6.31 3.14
CAR 0.0 2 0.0 0 0 0 0 1.7 1.85 4.1 49.34 69.81 -7.25 3.14
TRUCK 0.0 0 0.0 0 0 0 0 3.91 3.0 5.66 30.67 10.92 -5.62 3.14
PEDESTRIAN 0.0 1 0.0 0 0 0 0 1.7 0.7 0.94 39.63 -6.7 -6.46 3.14
VAN 0.0 0 0.0 0 0 0 0 2.35 2.2 4.7 74.71 3.33 -5.69 3.14
CAR 0.0 1 0.0 0 0 0 0 1.5 1.9 4.1 25.05 -21.23 -6.74 3.14
CAR 0.0 1 0.0 0 0 0 0 1.5 1.9 4.12 63.54 5.34 -6.32 3.14
CAR 0.0 1 0.0 0 0 0 0 1.5 1.9 4.1 29.44 45.03 -8.17 3.14
