CAR 0.0 0 0.0 0 0 0 0 1.5 1.9 4.94 13.84 -24.79 -6.59 3.14
CAR 0.0 1 0.0 0 0 0 0 1.52 1.9 4.1 22.0 -19.87 -6.71 3.14
CAR 0.0 0 0.0 0 0 0 0 1.55 1.9 4.92 15.75 -17.7 -6.7 3.14
CAR 0.0 0 0.0 0 0 0 0 1.65 1.9 4.1 22.2 38.95 -8.19 3.14
CAR 0.0 0 0.0 0 0 0 0 1.4 1.9 4.36 23.24 -29.48 -6.61 3.14
CAR 0.0 0 0.0 0 0 0 0 1.65 1.9 4.1 26.74 39.37 -8.14 3.14
TRAILER 0.0 1 0.0 0 0 0 0 4.11 3.0 11.09 40.1 9.87 -5.51 3.14
VAN 0.0 0 0.0 0 0 0 0 2.0 2.02 6.0 56.42 6.65 -6.31 3.14
CAR 0.0 2 0.0 0 0 0 0 1.7 1.85 4.1 45.72 58.3 -7.25 3.14
TRUCK 0.0 0 0.0 0 0 0 0 3.91 3.0 5.66 33.43 11.12 -5.62 3.14
PEDESTRIAN 0.0 1 0.0 0 0 0 0 1.7 0.7 0.94 39.65 -6.58 -6.46 3.14
VAN 0.0 1 0.0 0 0 0 0 2.35 2.2 4.7 77.66 2.78 -5.69 3.14
CAR 0.0 1 0.0 0 0 0 0 1.5 1.9 4.12 66.97 4.62 -6.32 3.14
CAR 0.0 1 0.0 0 0 0 0 1.5 1.9 4.1 25.05 -21.23 -6.74 3.14
