CAR 0.0 0 0.0 0 0 0 0 1.5 1.9 4.94 13.82 -24.86 -6.59 3.14
CAR 0.0 1 0.0 0 0 0 0 1.52 1.9 4.1 21.96 -20.02 -6.71 3.14
CAR 0.0 0 0.0 0 0 0 0 1.55 1.9 4.92 15.67 -17.65 -6.7 3.14
CAR 0.0 0 0.0 0 0 0 0 1.65 1.9 4.1 22.14 38.99 -8.19 3.14
CAR 0.0 0 0.0 0 0 0 0 1.4 1.9 4.36 23.21 -29.52 -6.61 3.14
CAR 0.0 0 0.0 0 0 0 0 1.65 1.9 4.1 26.36 39.51 -8.14 3.14
TRAILER 0.0 0 0.0 0 0 0 0 4.11 3.0 11.09 27.33 1.62 -5.51 3.14
TRUCK 0.0 2 0.0 0 0 0 0 3.91 3.0 5.66 30.22 -3.4 -5.62 3.14
VAN 0.0 0 0.0 0 0 0 0 2.35 2.2 4.7 50.17 7.73 -5.69 3.14
VAN 0.0 0 0.0 0 0 0 0 2.0 2.2 6.0 12.22 -32.6 -6.18 3.14
CAR 0.0 1 0.0 0 0 0 0 1.5 1.9 4.1 16.6 -28.78 -6.48 3.14
CAR 0.0 0 0.0 0 0 0 0 1.49 1.9 4.1 13.31 -42.52 -6.11 3.14
CAR 0.0 1 0.0 0 0 0 0 1.5 1.9 4.1 24.9 -22.3 -6.67 3.14
CAR 0.0 0 0.0 0 0 0 0 1.5 1.9 4.1 29.46 44.87 -8.24 3.14
CAR 0.0 1 0.0 0 0 0 0 1.5 1.9 4.1 61.01 5.86 -6.64 3.14
VAN 0.0 0 0.0 0 0 0 0 2.54 2.17 5.71 33.24 10.95 -6.64 3.14
CAR 0.0 1 0.0 0 0 0 0 1.51 1.9 4.1 68.78 4.48 -6.56 3.14
