CAR 0.0 0 0.0 0 0 0 0 1.5 1.9 4.94 13.87 -24.79 -6.59 3.14
CAR 0.0 1 0.0 0 0 0 0 1.52 1.9 4.1 22.01 -19.81 -6.71 3.14
CAR 0.0 0 0.0 0 0 0 0 1.55 1.9 4.92 15.74 -17.69 -6.7 3.14
CAR 0.0 0 0.0 0 0 0 0 1.65 1.9 4.1 22.27 38.9 -8.19 3.14
CAR 0.0 0 0.0 0 0 0 0 1.4 1.9 4.36 23.27 -29.36 -6.61 3.14
CAR 0.0 0 0.0 0 0 0 0 1.65 1.9 4.1 26.9 39.31 -8.14 3.14
TRAILER 0.0 0 0.0 0 0 0 0 4.11 3.0 11.09 25.46 4.89 -5.51 3.14
TRUCK 0.0 1 0.0 0 0 0 0 3.91 3.0 5.66 23.76 -0.93 -5.62 3.14
PEDESTRIAN 0.0 2 0.0 0 0 0 0 1.7 0.7 0.94 39.63 -6.58 -6.46 3.14
VAN 0.0 1 0.0 0 0 0 0 2.35 2.2 4.7 56.13 6.81 -5.69 3.14
CAR 0.0 1 0.0 0 0 0 0 1.5 1.9 4.1 65.93 4.36 -6.71 3.14
