CAR 0.0 0 0.0 0 0 0 0 1.5 1.9 4.94 13.77 -24.77 -6.59 3.14
CAR 0.0 1 0.0 0 0 0 0 1.52 1.9 4.1 21.99 -19.85 -6.71 3.14
CAR 0.0 0 0.0 0 0 0 0 1.55 1.9 4.92 15.75 -17.69 -6.7 3.14
CAR 0.0 0 0.0 0 0 0 0 1.65 1.9 4.1 22.29 38.9 -8.19 3.14
CAR 0.0 0 0.0 0 0 0 0 1.4 1.9 4.36 23.25 -29.47 -6.61 3.14
CAR 0.0 0 0.0 0 0 0 0 1.65 1.9 4.1 26.69 39.4 -8.14 3.14
TRAILER 0.0 0 0.0 0 0 0 0 4.11 3.0 11.09 31.06 10.39 -5.51 3.14
VAN 0.0 1 0.0 0 0 0 0 2.0 2.02 6.0 47.49 8.17 -6.31 3.14
TRUCK 0.0 0 0.0 0 0 0 0 3.91 3.0 5.66 24.57 9.02 -5.62 3.14
PEDESTRIAN 0.0 1 0.0 0 0 0 0 1.7 0.7 0.94 39.71 -6.58 -6.46 3.14
VAN 0.0 0 0.0 0 0 0 0 2.35 2.2 4.7 67.28 4.91 -5.69 3.14
CAR 0.0 1 0.0 0 0 0 0 1.5 1.9 4.12 56.93 6.72 -6.32 3.14
CAR 0.0 1 0.0 0 0 0 0 1.5 1.9 4.1 25.15 -21.25 -6.69 3.14
CAR 0.0 1 0.0 0 0 0 0 1.5 1.9 4.1 78.18 3.09 -6.31 3.14
