CAR 0.0 0 0.0 0 0 0 0 1.5 1.9 4.94 13.82 -24.79 -6.59 3.14
CAR 0.0 1 0.0 0 0 0 0 1.52 1.9 4.1 22.02 -19.81 -6.71 3.14
CAR 0.0 0 0.0 0 0 0 0 1.55 1.9 4.92 15.75 -17.71 -6.7 3.14
CAR 0.0 0 0.0 0 0 0 0 1.65 1.9 4.1 22.18 38.98 -8.19 3.14
CAR 0.0 0 0.0 0 0 0 0 1.4 1.9 4.36 23.24 -29.47 -6.61 3.14
CAR 0.0 0 0.0 0 0 0 0 1.65 1.9 4.1 26.78 39.37 -8.14 3.14
TRAILER 0.0 1 0.0 0 0 0 0 4.11 3.0 11.09 39.77 9.92 -5.51 3.14
VAN 0.0 0 0.0 0 0 0 0 2.0 2.02 6.0 56.02 6.68 -6.31 3.14
CAR 0.0 2 0.0 0 0 0 0 1.7 1.85 4.1 46.2 59.54 -7.25 3.14
TRUCK 0.0 0 0.0 0 0 0 0 3.91 3.0 5.66 33.08 11.17 -5.62 3.14
PEDESTRIAN 0.0 1 0.0 0 0 0 0 1.7 0.7 0.94 39.69 -6.61 -6.46 3.14
VAN 0.0 1 0.0 0 0 0 0 2.35 2.2 4.7 77.42 2.8 -5.69 3.14
CAR 0.0 1 0.0 0 0 0 0 1.5 1.9 4.1 25.05 -21.23 -6.74 3.14
CAR 0.0 1 0.0 0 0 0 0 1.5 1.9 4.12 66.97 4.62 -6.32 3.14
