CAR 0.0 0 0.0 0 0 0 0 1.5 1.9 4.94 13.81 -24.78 -6.59 3.14
CAR 0.0 1 0.0 0 0 0 0 1.52 1.9 4.1 22.0 -19.78 -6.71 3.14
CAR 0.0 0 0.0 0 0 0 0 1.55 1.9 4.92 15.74 -17.7 -6.7 3.14
CAR 0.0 0 0.0 0 0 0 0 1.65 1.9 4.1 22.19 38.95 -8.19 3.14
CAR 0.0 0 0.0 0 0 0 0 1.4 1.9 4.36 23.25 -29.49 -6.61 3.14
CAR 0.0 0 0.0 0 0 0 0 1.65 1.9 4.1 26.7 39.31 -8.14 3.14
TRAILER 0.0 1 0.0 0 0 0 0 4.11 3.0 11.09 45.04 8.9 -5.51 3.14
CAR 0.0 0 0.0 0 0 0 0 1.5 1.9 4.1 48.79 15.26 -7.37 3.14
VAN 0.0 0 0.0 0 0 0 0 2.0 2.02 6.0 61.46 5.97 -6.31 3.14
CAR 0.0 0 0.0 0 0 0 0 1.7 1.85 4.1 39.81 39.27 -7.25 3.14
TRUCK 0.0 0 0.0 0 0 0 0 3.91 3.0 5.66 38.43 10.12 -5.62 3.14
PEDESTRIAN 0.0 1 0.0 0 0 0 0 1.7 0.7 0.94 39.62 -6.51 -6.46 3.14
