CAR 0.0 0 0.0 0 0 0 0 1.5 1.9 4.94 13.81 -24.8 -6.59 3.14
CAR 0.0 1 0.0 0 0 0 0 1.52 1.9 4.1 21.95 -19.94 -6.71 3.14
CAR 0.0 0 0.0 0 0 0 0 1.55 1.9 4.92 15.76 -17.69 -6.7 3.14
CAR 0.0 0 0.0 0 0 0 0 1.65 1.9 4.1 22.25 38.91 -8.19 3.14
CAR 0.0 0 0.0 0 0 0 0 1.4 1.9 4.36 23.25 -29.45 -6.61 3.14
CAR 0.0 0 0.0 0 0 0 0 1.65 1.9 4.1 26.86 39.26 -8.14 3.14
TRAILER 0.0 1 0.0 0 0 0 0 4.11 3.0 11.09 36.27 10.47 -5.51 3.14
VAN 0.0 1 0.0 0 0 0 0 2.0 2.02 6.0 52.78 7.32 -6.31 3.14
CAR 0.0 1 0.0 0 0 0 0 1.7 1.85 4.1 50.66 74.09 -7.25 3.14
TRUCK 0.0 0 0.0 0 0 0 0 3.91 3.0 5.66 29.68 10.81 -5.62 3.14
PEDESTRIAN 0.0 1 0.0 0 0 0 0 1.7 0.7 0.94 39.77 -6.66 -6.46 3.14
VAN 0.0 0 0.0 0 0 0 0 2.35 2.2 4.7 73.56 3.57 -5.69 3.14
CAR 0.0 1 0.0 0 0 0 0 1.5 1.9 4.12 62.26 5.61 -6.32 3.14
