CAR 0.0 0 0.0 0 0 0 0 1.5 1.9 4.94 13.81 -24.86 -6.59 3.14
CAR 0.0 1 0.0 0 0 0 0 1.52 1.9 4.1 21.96 -20.04 -6.71 3.14
CAR 0.0 0 0.0 0 0 0 0 1.55 1.9 4.92 15.67 -17.65 -6.7 3.14
CAR 0.0 0 0.0 0 0 0 0 1.65 1.9 4.1 22.1 38.99 -8.19 3.14
CAR 0.0 0 0.0 0 0 0 0 1.4 1.9 4.36 23.21 -29.54 -6.61 3.14
CAR 0.0 0 0.0 0 0 0 0 1.65 1.9 4.1 26.36 39.54 -8.14 3.14
TRAILER 0.0 0 0.0 0 0 0 0 4.11 3.0 11.09 38.09 -1.65 -5.51 3.14
VAN 0.0 0 0.0 0 0 0 0 2.35 2.2 4.7 42.95 8.97 -5.69 3.14
VAN 0.0 0 0.0 0 0 0 0 2.0 2.2 6.0 12.24 -32.6 -6.18 3.14
CAR 0.0 1 0.0 0 0 0 0 1.5 1.9 4.1 17.53 -24.34 -6.48 3.14
CAR 0.0 1 0.0 0 0 0 0 1.5 1.9 4.1 52.23 7.31 -6.64 3.14
VAN 0.0 0 0.0 0 0 0 0 2.54 2.17 5.71 21.74 9.34 -6.64 3.14
CAR 0.0 1 0.0 0 0 0 0 1.51 1.9 4.1 61.42 5.88 -6.56 3.14
CAR 0.0 0 0.0 0 0 0 0 1.5 1.9 4.1 48.73 14.66 -7.16 3.14
PEDESTRIAN 0.0 1 0.0 0 0 0 0 1.75 0.73 0.85 39.76 -6.63 -6.48 3.14
CAR 0.0 0 0.0 0 0 0 0 1.5 1.8 4.31 31.88 11.12 -7.05 3.14
CAR 0.0 1 0.0 0 0 0 0 1.49 1.9 4.1 15.5 -32.66 -6.4 3.14
CAR 0.0 1 0.0 0 0 0 0 1.5 1.9 4.1 24.9 -22.3 -6.67 3.14
