CAR 0.0 0 0.0 0 0 0 0 1.5 1.9 4.94 13.8 -24.78 -6.59 3.14
CAR 0.0 1 0.0 0 0 0 0 1.52 1.9 4.1 21.98 -19.89 -6.71 3.14
CAR 0.0 0 0.0 0 0 0 0 1.55 1.9 4.92 15.74 -17.69 -6.7 3.14
CAR 0.0 0 0.0 0 0 0 0 1.65 1.9 4.1 22.18 38.96 -8.19 3.14
CAR 0.0 0 0.0 0 0 0 0 1.4 1.9 4.36 23.22 -29.51 -6.61 3.14
CAR 0.0 0 0.0 0 0 0 0 1.65 1.9 4.1 26.76 39.3 -8.14 3.14
TRAILER 0.0 1 0.0 0 0 0 0 4.11 3.0 11.09 42.5 9.39 -5.51 3.14
VAN 0.0 0 0.0 0 0 0 0 2.0 2.02 6.0 58.92 6.16 -6.31 3.14
CAR 0.0 1 0.0 0 0 0 0 1.7 1.85 4.1 42.41 48.53 -7.25 3.14
TRUCK 0.0 0 0.0 0 0 0 0 3.91 3.0 5.66 35.89 10.53 -5.62 3.14
PEDESTRIAN 0.0 1 0.0 0 0 0 0 1.7 0.7 0.94 39.75 -6.53 -6.46 3.14
VAN 0.0 1 0.0 0 0 0 0 2.35 2.2 4.7 80.45 2.34 -5.69 3.14
CAR 0.0 1 0.0 0 0 0 0 1.5 1.9 4.12 70.25 4.13 -6.27 3.14
