CAR 0.0 0 0.0 0 0 0 0 1.5 1.9 4.94 13.85 -24.79 -6.59 3.14
CAR 0.0 1 0.0 0 0 0 0 1.52 1.9 4.1 21.98 -19.78 -6.71 3.14
CAR 0.0 0 0.0 0 0 0 0 1.55 1.9 4.92 15.75 -17.69 -6.7 3.14
CAR 0.0 0 0.0 0 0 0 0 1.65 1.9 4.1 22.25 38.92 -8.19 3.14
CAR 0.0 0 0.0 0 0 0 0 1.4 1.9 4.36 23.22 -29.5 -6.61 3.14
CAR 0.0 0 0.0 0 0 0 0 1.65 1.9 4.1 26.82 39.36 -8.14 3.14
TRAILER 0.0 1 0.0 0 0 0 0 4.11 3.0 11.09 34.94 10.65 -5.51 3.14
VAN 0.0 1 0.0 0 0 0 0 2.0 2.02 6.0 51.21 7.34 -6.31 3.14
CAR 0.0 1 0.0 0 0 0 0 1.7 1.85 4.1 52.38 79.69 -7.25 3.14
TRUCK 0.0 0 0.0 0 0 0 0 3.91 3.0 5.66 28.32 10.7 -5.62 3.14
PEDESTRIAN 0.0 1 0.0 0 0 0 0 1.7 0.7 0.94 39.72 -6.68 -6.46 3.14
VAN 0.0 0 0.0 0 0 0 0 2.35 2.2 4.7 71.83 3.84 -5.69 3.14
CAR 0.0 1 0.0 0 0 0 0 1.5 1.9 4.12 61.26 5.68 -6.32 3.14
