CAR 0.0 0 0.0 0 0 0 0 1.5 1.9 4.94 13.84 -24.87 -6.59 3.14
CAR 0.0 1 0.0 0 0 0 0 1.52 1.9 4.1 21.92 -20.03 -6.71 3.14
CAR 0.0 0 0.0 0 0 0 0 1.55 1.9 4.92 15.67 -17.65 -6.7 3.14
CAR 0.0 0 0.0 0 0 0 0 1.65 1.9 4.1 22.15 38.98 -8.19 3.14
CAR 0.0 0 0.0 0 0 0 0 1.4 1.9 4.36 23.23 -29.48 -6.61 3.14
CAR 0.0 0 0.0 0 0 0 0 1.65 1.9 4.1 26.38 39.56 -8.14 3.14
TRAILER 0.0 0 0.0 0 0 0 0 4.11 3.0 11.09 51.81 -2.24 -5.51 3.14
VAN 0.0 0 0.0 0 0 0 0 2.35 2.2 4.7 32.79 10.45 -5.69 3.14
VAN 0.0 0 0.0 0 0 0 0 2.0 2.2 6.0 12.26 -32.61 -6.18 3.14
CAR 0.0 1 0.0 0 0 0 0 1.5 1.9 4.1 17.98 -22.29 -6.48 3.14
CAR 0.0 1 0.0 0 0 0 0 1.5 1.9 4.1 45.31 8.5 -6.64 3.14
VAN 0.0 0 0.0 0 0 0 0 2.54 2.17 5.71 12.03 -0.58 -6.64 3.14
CAR 0.0 1 0.0 0 0 0 0 1.51 1.9 4.1 54.32 7.01 -6.56 3.14
CAR 0.0 0 0.0 0 0 0 0 1.5 1.9 4.1 48.73 14.65 -7.16 3.14
PEDESTRIAN 0.0 1 0.0 0 0 0 0 1.75 0.73 0.85 39.76 -6.66 -6.48 3.14
CAR 0.0 0 0.0 0 0 0 0 1.5 1.8 4.31 21.06 8.56 -7.05 3.14
CAR 0.0 1 0.0 0 0 0 0 1.49 1.9 4.1 16.16 -29.17 -6.4 3.14
CAR 0.0 1 0.0 0 0 0 0 1.5 1.9 4.1 24.77 -22.5 -6.67 3.14
