CAR 0.0 0 0.0 0 0 0 0 1.5 1.9 4.94 13.77 -24.85 -6.59 3.14
CAR 0.0 1 0.0 0 0 0 0 1.52 1.9 4.1 21.95 -20.04 -6.71 3.14
CAR 0.0 0 0.0 0 0 0 0 1.55 1.9 4.92 15.67 -17.65 -6.7 3.14
CAR 0.0 0 0.0 0 0 0 0 1.65 1.9 4.1 22.14 38.96 -8.19 3.14
CAR 0.0 0 0.0 0 0 0 0 1.4 1.9 4.36 23.23 -29.53 -6.61 3.14
CAR 0.0 0 0.0 0 0 0 0 1.65 1.9 4.1 26.31 39.44 -8.14 3.14
TRAILER 0.0 0 0.0 0 0 0 0 4.11 3.0 11.09 42.34 -1.93 -5.51 3.14
VAN 0.0 0 0.0 0 0 0 0 2.35 2.2 4.7 40.46 9.54 -5.69 3.14
VAN 0.0 0 0.0 0 0 0 0 2.0 2.2 6.0 12.29 -32.61 -6.18 3.14
CAR 0.0 1 0.0 0 0 0 0 1.5 1.9 4.1 17.76 -23.35 -6.48 3.14
CAR 0.0 1 0.0 0 0 0 0 1.5 1.9 4.1 50.34 7.68 -6.64 3.14
VAN 0.0 0 0.0 0 0 0 0 2.54 2.17 5.71 18.54 7.14 -6.64 3.14
CAR 0.0 1 0.0 0 0 0 0 1.51 1.9 4.1 59.54 6.1 -6.56 3.14
CAR 0.0 0 0.0 0 0 0 0 1.5 1.9 4.1 48.73 14.64 -7.16 3.14
PEDESTRIAN 0.0 1 0.0 0 0 0 0 1.75 0.73 0.85 39.81 -6.68 -6.48 3.14
CAR 0.0 0 0.0 0 0 0 0 1.5 1.8 4.31 29.2 11.4 -7.05 3.14
CAR 0.0 1 0.0 0 0 0 0 1.49 1.9 4.1 15.77 -31.49 -6.4 3.14
CAR 0.0 1 0.0 0 0 0 0 1.5 1.9 4.1 24.89 -22.3 -6.67 3.14
CAR 0.0 0 0.0 0 0 0 0 1.5 1.9 4.1 29.5 44.86 -8.32 3.14
