CAR 0.0 0 0.0 0 0 0 0 1.5 1.9 4.94 13.93 -24.51 -6.59 3.14
CAR 0.0 1 0.0 0 0 0 0 1.52 1.9 4.1 21.95 -20.04 -6.71 3.14
CAR 0.0 0 0.0 0 0 0 0 1.55 1.9 4.92 15.69 -17.65 -6.7 3.14
CAR 0.0 0 0.0 0 0 0 0 1.65 1.9 4.1 22.12 38.97 -8.19 3.14
CAR 0.0 0 0.0 0 0 0 0 1.4 1.9 4.36 23.21 -29.49 -6.61 3.14
CAR 0.0 0 0.0 0 0 0 0 1.65 1.9 4.1 26.37 39.56 -8.14 3.14
TRAILER 0.0 0 0.0 0 0 0 0 4.11 3.0 11.09 86.71 -4.91 -5.51 3.14
VAN 0.0 0 0.0 0 0 0 0 2.0 2.2 6.0 12.22 -32.6 -6.18 3.14
CAR 0.0 1 0.0 0 0 0 0 1.5 1.9 4.1 18.03 -22.05 -6.48 3.14
CAR 0.0 1 0.0 0 0 0 0 1.5 1.9 4.1 19.99 6.03 -6.64 3.14
VAN 0.0 0 0.0 0 0 0 0 2.54 2.17 5.71 1.44 -48.5 -6.64 3.14
CAR 0.0 0 0.0 0 0 0 0 1.51 1.9 4.1 29.87 10.68 -6.56 3.14
CAR 0.0 0 0.0 0 0 0 0 1.5 1.9 4.1 48.74 14.64 -7.16 3.14
PEDESTRIAN 0.0 1 0.0 0 0 0 0 1.75 0.73 0.85 39.86 -6.58 -6.48 3.14
CAR 0.0 1 0.0 0 0 0 0 1.49 1.9 4.1 16.68 -27.97 -6.4 3.14
CAR 0.0 1 0.0 0 0 0 0 1.5 1.9 4.1 24.57 -22.35 -6.67 3.14
CAR 0.0 0 0.0 0 0 0 0 1.5 1.8 4.31 6.14 -22.01 -6.99 3.14
