CAR 0.0 0 0.0 0 0 0 0 1.5 1.9 4.94 13.82 -24.83 -6.59 3.14
CAR 0.0 1 0.0 0 0 0 0 1.52 1.9 4.1 21.93 -20.03 -6.71 3.14
CAR 0.0 0 0.0 0 0 0 0 1.55 1.9 4.92 15.69 -17.65 -6.7 3.14
CAR 0.0 0 0.0 0 0 0 0 1.65 1.9 4.1 22.15 38.97 -8.19 3.14
CAR 0.0 0 0.0 0 0 0 0 1.4 1.9 4.36 23.23 -29.49 -6.61 3.14
CAR 0.0 0 0.0 0 0 0 0 1.65 1.9 4.1 26.38 39.58 -8.14 3.14
TRAILER 0.0 0 0.0 0 0 0 0 4.11 3.0 11.09 73.39 -3.83 -5.51 3.14
VAN 0.0 0 0.0 0 0 0 0 2.35 2.2 4.7 15.0 3.49 -5.69 3.14
VAN 0.0 0 0.0 0 0 0 0 2.0 2.2 6.0 12.26 -32.63 -6.18 3.14
CAR 0.0 1 0.0 0 0 0 0 1.5 1.9 4.1 18.01 -22.05 -6.48 3.14
CAR 0.0 1 0.0 0 0 0 0 1.5 1.9 4.1 29.61 10.21 -6.64 3.14
VAN 0.0 0 0.0 0 0 0 0 2.54 2.17 5.71 4.64 -30.21 -6.64 3.14
CAR 0.0 0 0.0 0 0 0 0 1.51 1.9 4.1 38.91 9.97 -6.56 3.14
CAR 0.0 0 0.0 0 0 0 0 1.5 1.9 4.1 48.72 14.67 -7.16 3.14
PEDESTRIAN 0.0 1 0.0 0 0 0 0 1.75 0.73 0.85 39.87 -6.69 -6.48 3.14
CAR 0.0 1 0.0 0 0 0 0 1.49 1.9 4.1 16.66 -27.96 -6.4 3.14
CAR 0.0 1 0.0 0 0 0 0 1.5 1.9 4.1 24.89 -22.44 -6.67 3.14
