CAR 0.0 0 0.0 0 0 0 0 1.5 1.9 4.94 13.81 -24.86 -6.59 3.14
CAR 0.0 1 0.0 0 0 0 0 1.52 1.9 4.1 21.93 -20.03 -6.71 3.14
CAR 0.0 0 0.0 0 0 0 0 1.55 1.9 4.92 15.67 -17.65 -6.7 3.14
CAR 0.0 0 0.0 0 0 0 0 1.65 1.9 4.1 22.15 38.97 -8.19 3.14
CAR 0.0 0 0.0 0 0 0 0 1.4 1.9 4.36 23.24 -29.48 -6.61 3.14
CAR 0.0 0 0.0 0 0 0 0 1.65 1.9 4.1 26.37 39.55 -8.14 3.14
TRAILER 0.0 0 0.0 0 0 0 0 4.11 3.0 11.09 53.4 -2.28 -5.51 3.14
VAN 0.0 0 0.0 0 0 0 0 2.35 2.2 4.7 31.43 10.5 -5.69 3.14
VAN 0.0 0 0.0 0 0 0 0 2.0 2.2 6.0 12.22 -32.6 -6.18 3.14
CAR 0.0 1 0.0 0 0 0 0 1.5 1.9 4.1 17.95 -22.28 -6.48 3.14
CAR 0.0 1 0.0 0 0 0 0 1.5 1.9 4.1 44.58 8.61 -6.64 3.14
VAN 0.0 0 0.0 0 0 0 0 2.54 2.17 5.71 10.27 -4.68 -6.64 3.14
CAR 0.0 1 0.0 0 0 0 0 1.51 1.9 4.1 53.13 7.27 -6.56 3.14
CAR 0.0 0 0.0 0 0 0 0 1.5 1.9 4.1 48.74 14.65 -7.16 3.14
PEDESTRIAN 0.0 1 0.0 0 0 0 0 1.75 0.73 0.85 39.74 -6.65 -6.48 3.14
CAR 0.0 0 0.0 0 0 0 0 1.5 1.8 4.31 19.95 7.94 -7.05 3.14
CAR 0.0 1 0.0 0 0 0 0 1.49 1.9 4.1 16.29 -28.9 -6.4 3.14
CAR 0.0 1 0.0 0 0 0 0 1.5 1.9 4.1 24.76 -22.52 -6.67 3.14
