CAR 0.0 0 0.0 0 0 0 0 1.5 1.9 4.94 13.83 -24.87 -6.59 3.14
CAR 0.0 1 0.0 0 0 0 0 1.52 1.9 4.1 21.93 -20.03 -6.71 3.14
CAR 0.0 0 0.0 0 0 0 0 1.55 1.9 4.92 15.67 -17.65 -6.7 3.14
CAR 0.0 0 0.0 0 0 0 0 1.65 1.9 4.1 22.15 38.97 -8.19 3.14
CAR 0.0 0 0.0 0 0 0 0 1.4 1.9 4.36 23.21 -29.51 -6.61 3.14
CAR 0.0 0 0.0 0 0 0 0 1.65 1.9 4.1 26.38 39.56 -8.14 3.14
TRAILER 0.0 0 0.0 0 0 0 0 4.11 3.0 11.09 40.22 -1.83 -5.51 3.14
VAN 0.0 0 0.0 0 0 0 0 2.35 2.2 4.7 41.79 9.15 -5.69 3.14
VAN 0.0 0 0.0 0 0 0 0 2.0 2.2 6.0 12.23 -32.59 -6.18 3.14
CAR 0.0 1 0.0 0 0 0 0 1.5 1.9 4.1 17.61 -23.91 -6.48 3.14
CAR 0.0 1 0.0 0 0 0 0 1.5 1.9 4.1 51.33 7.53 -6.64 3.14
VAN 0.0 0 0.0 0 0 0 0 2.54 2.17 5.71 20.1 8.29 -6.64 3.14
CAR 0.0 1 0.0 0 0 0 0 1.51 1.9 4.1 60.56 6.06 -6.56 3.14
CAR 0.0 0 0.0 0 0 0 0 1.5 1.9 4.1 48.71 14.65 -7.16 3.14
PEDESTRIAN 0.0 1 0.0 0 0 0 0 1.75 0.73 0.85 39.74 -6.55 -6.48 3.14
CAR 0.0 0 0.0 0 0 0 0 1.5 1.8 4.31 30.54 11.26 -7.05 3.14
CAR 0.0 1 0.0 0 0 0 0 1.49 1.9 4.1 15.58 -31.96 -6.4 3.14
CAR 0.0 1 0.0 0 0 0 0 1.5 1.9 4.1 24.9 -22.3 -6.67 3.14
CAR 0.0 0 0.0 0 0 0 0 1.5 1.9 4.1 29.5 44.86 -8.32 3.14
