CAR 0.0 0 0.0 0 0 0 0 1.5 1.9 4.94 13.82 -24.84 -6.59 3.14
CAR 0.0 1 0.0 0 0 0 0 1.52 1.9 4.1 21.94 -20.03 -6.71 3.14
CAR 0.0 0 0.0 0 0 0 0 1.55 1.9 4.92 15.68 -17.65 -6.7 3.14
CAR 0.0 0 0.0 0 0 0 0 1.65 1.9 4.1 22.13 38.92 -8.19 3.14
CAR 0.0 0 0.0 0 0 0 0 1.4 1.9 4.36 23.21 -29.5 -6.61 3.14
CAR 0.0 0 0.0 0 0 0 0 1.65 1.9 4.1 26.38 39.57 -8.14 3.14
TRAILER 0.0 0 0.0 0 0 0 0 4.11 3.0 11.09 55.62 -2.43 -5.51 3.14
VAN 0.0 0 0.0 0 0 0 0 2.35 2.2 4.7 29.3 10.52 -5.69 3.14
VAN 0.0 0 0.0 0 0 0 0 2.0 2.2 6.0 12.24 -32.57 -6.18 3.14
CAR 0.0 1 0.0 0 0 0 0 1.5 1.9 4.1 17.98 -22.1 -6.48 3.14
CAR 0.0 1 0.0 0 0 0 0 1.5 1.9 4.1 42.92 8.88 -6.64 3.14
VAN 0.0 0 0.0 0 0 0 0 2.54 2.17 5.71 8.57 -6.99 -6.64 3.14
CAR 0.0 1 0.0 0 0 0 0 1.51 1.9 4.1 51.49 7.53 -6.56 3.14
CAR 0.0 0 0.0 0 0 0 0 1.5 1.9 4.1 48.73 14.65 -7.16 3.14
PEDESTRIAN 0.0 1 0.0 0 0 0 0 1.75 0.73 0.85 39.82 -6.65 -6.48 3.14
CAR 0.0 0 0.0 0 0 0 0 1.5 1.8 4.31 18.28 7.29 -7.05 3.14
CAR 0.0 1 0.0 0 0 0 0 1.49 1.9 4.1 16.37 -28.57 -6.4 3.14
CAR 0.0 1 0.0 0 0 0 0 1.5 1.9 4.1 24.89 -22.45 -6.67 3.14
