CAR 0.0 0 0.0 0 0 0 0 1.5 1.9 4.94 13.85 -24.85 -6.59 3.14
CAR 0.0 1 0.0 0 0 0 0 1.52 1.9 4.1 21.94 -20.03 -6.71 3.14
CAR 0.0 0 0.0 0 0 0 0 1.55 1.9 4.92 15.69 -17.65 -6.7 3.14
CAR 0.0 0 0.0 0 0 0 0 1.65 1.9 4.1 22.1 38.99 -8.19 3.14
CAR 0.0 0 0.0 0 0 0 0 1.4 1.9 4.36 23.2 -29.52 -6.61 3.14
CAR 0.0 0 0.0 0 0 0 0 1.65 1.9 4.1 26.32 39.48 -8.14 3.14
TRAILER 0.0 0 0.0 0 0 0 0 4.11 3.0 11.09 66.41 -3.3 -5.51 3.14
VAN 0.0 0 0.0 0 0 0 0 2.35 2.2 4.7 19.84 7.32 -5.69 3.14
VAN 0.0 0 0.0 0 0 0 0 2.0 2.2 6.0 12.3 -32.6 -6.18 3.14
CAR 0.0 1 0.0 0 0 0 0 1.5 1.9 4.1 18.06 -22.05 -6.48 3.14
CAR 0.0 1 0.0 0 0 0 0 1.5 1.9 4.1 35.02 10.47 -6.64 3.14
VAN 0.0 0 0.0 0 0 0 0 2.54 2.17 5.71 6.72 -19.95 -6.64 3.14
CAR 0.0 0 0.0 0 0 0 0 1.51 1.9 4.1 43.79 9.09 -6.56 3.14
CAR 0.0 0 0.0 0 0 0 0 1.5 1.9 4.1 48.75 14.68 -7.16 3.14
PEDESTRIAN 0.0 1 0.0 0 0 0 0 1.75 0.73 0.85 39.87 -6.63 -6.48 3.14
CAR 0.0 1 0.0 0 0 0 0 1.49 1.9 4.1 16.53 -27.9 -6.4 3.14
