CAR 0.0 0 0.0 0 0 0 0 1.5 1.9 4.94 13.84 -24.86 -6.59 3.14
CAR 0.0 1 0.0 0 0 0 0 1.52 1.9 4.1 21.92 -20.04 -6.71 3.14
CAR 0.0 0 0.0 0 0 0 0 1.55 1.9 4.92 15.67 -17.65 -6.7 3.14
CAR 0.0 0 0.0 0 0 0 0 1.65 1.9 4.1 22.17 38.97 -8.19 3.14
CAR 0.0 0 0.0 0 0 0 0 1.4 1.9 4.36 23.21 -29.52 -6.61 3.14
CAR 0.0 0 0.0 0 0 0 0 1.65 1.9 4.1 26.37 39.55 -8.14 3.14
TRAILER 0.0 0 0.0 0 0 0 0 4.11 3.0 11.09 49.68 -2.23 -5.51 3.14
VAN 0.0 0 0.0 0 0 0 0 2.35 2.2 4.7 34.69 10.33 -5.69 3.14
VAN 0.0 0 0.0 0 0 0 0 2.0 2.2 6.0 12.26 -32.62 -6.18 3.14
CAR 0.0 1 0.0 0 0 0 0 1.5 1.9 4.1 17.9 -22.58 -6.48 3.14
CAR 0.0 1 0.0 0 0 0 0 1.5 1.9 4.1 46.61 8.3 -6.64 3.14
VAN 0.0 0 0.0 0 0 0 0 2.54 2.17 5.71 13.45 1.54 -6.64 3.14
CAR 0.0 1 0.0 0 0 0 0 1.51 1.9 4.1 55.64 6.77 -6.56 3.14
CAR 0.0 0 0.0 0 0 0 0 1.5 1.9 4.1 48.74 14.68 -7.16 3.14
PEDESTRIAN 0.0 1 0.0 0 0 0 0 1.75 0.73 0.85 39.69 -6.65 -6.48 3.14
CAR 0.0 0 0.0 0 0 0 0 1.5 1.8 4.31 22.68 9.6 -7.05 3.14
CAR 0.0 1 0.0 0 0 0 0 1.49 1.9 4.1 16.05 -29.56 -6.4 3.14
CAR 0.0 1 0.0 0 0 0 0 1.5 1.9 4.1 24.79 -22.46 -6.67 3.14
