CAR 0.0 0 0.0 0 0 0 0 1.5 1.9 4.94 13.82 -24.86 -6.59 3.14
CAR 0.0 1 0.0 0 0 0 0 1.52 1.9 4.1 21.91 -20.12 -6.71 3.14
CAR 0.0 0 0.0 0 0 0 0 1.55 1.9 4.92 15.67 -17.65 -6.7 3.14
CAR 0.0 0 0.0 0 0 0 0 1.65 1.9 4.1 22.14 38.99 -8.19 3.14
CAR 0.0 0 0.0 0 0 0 0 1.4 1.9 4.36 23.19 -29.5 -6.61 3.14
CAR 0.0 0 0.0 0 0 0 0 1.65 1.9 4.1 26.38 39.57 -8.14 3.14
TRAILER 0.0 0 0.0 0 0 0 0 4.11 3.0 11.09 48.31 -2.12 -5.51 3.14
VAN 0.0 0 0.0 0 0 0 0 2.35 2.2 4.7 35.98 10.19 -5.69 3.14
VAN 0.0 0 0.0 0 0 0 0 2.0 2.2 6.0 12.27 -32.62 -6.18 3.14
CAR 0.0 1 0.0 0 0 0 0 1.5 1.9 4.1 17.87 -22.87 -6.48 3.14
CAR 0.0 1 0.0 0 0 0 0 1.5 1.9 4.1 47.31 8.19 -6.64 3.14
VAN 0.0 0 0.0 0 0 0 0 2.54 2.17 5.71 14.78 3.32 -6.64 3.14
CAR 0.0 1 0.0 0 0 0 0 1.51 1.9 4.1 56.62 6.59 -6.56 3.14
CAR 0.0 0 0.0 0 0 0 0 1.5 1.9 4.1 48.76 14.64 -7.16 3.14
PEDESTRIAN 0.0 1 0.0 0 0 0 0 1.75 0.73 0.85 39.81 -6.69 -6.48 3.14
CAR 0.0 0 0.0 0 0 0 0 1.5 1.8 4.31 23.9 10.01 -7.05 3.14
CAR 0.0 1 0.0 0 0 0 0 1.49 1.9 4.1 15.97 -29.93 -6.4 3.14
CAR 0.0 1 0.0 0 0 0 0 1.5 1.9 4.1 24.8 -22.43 -6.67 3.14
