CAR 0.0 0 0.0 0 0 0 0 1.5 1.9 4.94 13.84 -24.86 -6.59 3.14
CAR 0.0 1 0.0 0 0 0 0 1.52 1.9 4.1 21.95 -20.04 -6.71 3.14
CAR 0.0 0 0.0 0 0 0 0 1.55 1.9 4.92 15.69 -17.65 -6.7 3.14
CAR 0.0 0 0.0 0 0 0 0 1.65 1.9 4.1 22.13 38.98 -8.19 3.14
CAR 0.0 0 0.0 0 0 0 0 1.4 1.9 4.36 23.22 -29.5 -6.61 3.14
CAR 0.0 0 0.0 0 0 0 0 1.65 1.9 4.1 26.37 39.56 -8.14 3.14
TRAILER 0.0 0 0.0 0 0 0 0 4.11 3.0 11.09 71.56 -3.72 -5.51 3.14
VAN 0.0 0 0.0 0 0 0 0 2.35 2.2 4.7 16.14 4.61 -5.69 3.14
VAN 0.0 0 0.0 0 0 0 0 2.0 2.2 6.0 12.25 -32.61 -6.18 3.14
CAR 0.0 1 0.0 0 0 0 0 1.5 1.9 4.1 18.03 -22.05 -6.48 3.14
CAR 0.0 1 0.0 0 0 0 0 1.5 1.9 4.1 31.0 10.44 -6.64 3.14
VAN 0.0 0 0.0 0 0 0 0 2.54 2.17 5.71 5.14 -27.62 -6.64 3.14
CAR 0.0 0 0.0 0 0 0 0 1.51 1.9 4.1 40.16 9.77 -6.56 3.14
CAR 0.0 0 0.0 0 0 0 0 1.5 1.9 4.1 48.75 14.65 -7.16 3.14
PEDESTRIAN 0.0 1 0.0 0 0 0 0 1.75 0.73 0.85 39.8 -6.66 -6.48 3.14
CAR 0.0 1 0.0 0 0 0 0 1.49 1.9 4.1 16.48 -27.91 -6.4 3.14
CAR 0.0 1 0.0 0 0 0 0 1.5 1.9 4.1 24.89 -22.44 -6.67 3.14
