CAR 0.0 0 0.0 0 0 0 0 1.5 1.9 4.94 13.79 -24.85 -6.59 3.14
CAR 0.0 1 0.0 0 0 0 0 1.52 1.9 4.1 21.94 -20.03 -6.71 3.14
CAR 0.0 0 0.0 0 0 0 0 1.55 1.9 4.92 15.7 -17.65 -6.7 3.14
CAR 0.0 0 0.0 0 0 0 0 1.65 1.9 4.1 22.14 38.97 -8.19 3.14
CAR 0.0 0 0.0 0 0 0 0 1.4 1.9 4.36 23.22 -29.5 -6.61 3.14
CAR 0.0 0 0.0 0 0 0 0 1.65 1.9 4.1 26.34 39.49 -8.14 3.14
TRAILER 0.0 0 0.0 0 0 0 0 4.11 3.0 11.09 61.54 -2.99 -5.51 3.14
VAN 0.0 0 0.0 0 0 0 0 2.35 2.2 4.7 23.77 9.29 -5.69 3.14
VAN 0.0 0 0.0 0 0 0 0 2.0 2.2 6.0 12.26 -32.62 -6.18 3.14
CAR 0.0 1 0.0 0 0 0 0 1.5 1.9 4.1 17.96 -21.97 -6.48 3.14
CAR 0.0 1 0.0 0 0 0 0 1.5 1.9 4.1 38.61 9.89 -6.64 3.14
VAN 0.0 0 0.0 0 0 0 0 2.54 2.17 5.71 8.29 -13.06 -6.64 3.14
CAR 0.0 0 0.0 0 0 0 0 1.51 1.9 4.1 47.18 8.37 -6.56 3.14
CAR 0.0 0 0.0 0 0 0 0 1.5 1.9 4.1 48.74 14.64 -7.16 3.14
PEDESTRIAN 0.0 1 0.0 0 0 0 0 1.75 0.73 0.85 39.82 -6.65 -6.48 3.14
CAR 0.0 1 0.0 0 0 0 0 1.49 1.9 4.1 16.65 -27.99 -6.4 3.14
