CAR 0.0 0 0.0 0 0 0 0 1.5 1.9 4.94 13.88 -24.86 -6.59 3.14
CAR 0.0 1 0.0 0 0 0 0 1.52 1.9 4.1 21.97 -20.04 -6.71 3.14
CAR 0.0 0 0.0 0 0 0 0 1.55 1.9 4.92 15.7 -17.65 -6.7 3.14
CAR 0.0 0 0.0 0 0 0 0 1.65 1.9 4.1 22.12 38.98 -8.19 3.14
CAR 0.0 0 0.0 0 0 0 0 1.4 1.9 4.36 23.2 -29.46 -6.61 3.14
CAR 0.0 0 0.0 0 0 0 0 1.65 1.9 4.1 26.39 39.58 -8.14 3.14
TRAILER 0.0 0 0.0 0 0 0 0 4.11 3.0 11.09 59.3 -2.74 -5.51 3.14
VAN 0.0 0 0.0 0 0 0 0 2.35 2.2 4.7 25.82 9.95 -5.69 3.14
VAN 0.0 0 0.0 0 0 0 0 2.0 2.2 6.0 12.24 -32.6 -6.18 3.14
CAR 0.0 1 0.0 0 0 0 0 1.5 1.9 4.1 18.07 -21.99 -6.48 3.14
CAR 0.0 1 0.0 0 0 0 0 1.5 1.9 4.1 40.3 9.69 -6.64 3.14
VAN 0.0 0 0.0 0 0 0 0 2.54 2.17 5.71 8.8 -10.18 -6.64 3.14
CAR 0.0 1 0.0 0 0 0 0 1.51 1.9 4.1 48.82 8.06 -6.56 3.14
CAR 0.0 0 0.0 0 0 0 0 1.5 1.9 4.1 48.74 14.66 -7.16 3.14
PEDESTRIAN 0.0 1 0.0 0 0 0 0 1.75 0.73 0.85 39.81 -6.66 -6.48 3.14
CAR 0.0 0 0.0 0 0 0 0 1.5 1.8 4.31 15.53 6.33 -7.05 3.14
CAR 0.0 1 0.0 0 0 0 0 1.49 1.9 4.1 16.51 -28.05 -6.4 3.14
CAR 0.0 1 0.0 0 0 0 0 1.5 1.9 4.1 24.9 -22.47 -6.67 3.14
