CAR 0.0 0 0.0 0 0 0 0 1.5 1.9 4.94 13.87 -24.69 -6.59 3.14
CAR 0.0 1 0.0 0 0 0 0 1.52 1.9 4.1 21.94 -20.03 -6.71 3.14
CAR 0.0 0 0.0 0 0 0 0 1.55 1.9 4.92 15.69 -17.65 -6.7 3.14
CAR 0.0 0 0.0 0 0 0 0 1.65 1.9 4.1 22.15 38.99 -8.19 3.14
CAR 0.0 0 0.0 0 0 0 0 1.4 1.9 4.36 23.22 -29.52 -6.61 3.14
CAR 0.0 0 0.0 0 0 0 0 1.65 1.9 4.1 26.31 39.46 -8.14 3.14
TRAILER 0.0 0 0.0 0 0 0 0 4.11 3.0 11.09 83.14 -4.78 -5.51 3.14
VAN 0.0 0 0.0 0 0 0 0 2.35 2.2 4.7 8.73 -1.36 -5.69 3.14
VAN 0.0 0 0.0 0 0 0 0 2.0 2.2 6.0 12.25 -32.6 -6.18 3.14
CAR 0.0 1 0.0 0 0 0 0 1.5 1.9 4.1 18.06 -22.06 -6.48 3.14
CAR 0.0 1 0.0 0 0 0 0 1.5 1.9 4.1 22.39 7.65 -6.64 3.14
VAN 0.0 0 0.0 0 0 0 0 2.54 2.17 5.71 2.18 -43.62 -6.64 3.14
CAR 0.0 0 0.0 0 0 0 0 1.51 1.9 4.1 32.21 10.75 -6.56 3.14
CAR 0.0 0 0.0 0 0 0 0 1.5 1.9 4.1 48.74 14.66 -7.16 3.14
PEDESTRIAN 0.0 1 0.0 0 0 0 0 1.75 0.73 0.85 39.84 -6.66 -6.48 3.14
CAR 0.0 1 0.0 0 0 0 0 1.49 1.9 4.1 16.48 -27.93 -6.4 3.14
CAR 0.0 1 0.0 0 0 0 0 1.5 1.9 4.1 24.67 -22.38 -6.67 3.14
CAR 0.0 0 0.0 0 0 0 0 1.5 1.8 4.31 6.88 -18.28 -6.99 3.14
