CAR 0.0 0 0.0 0 0 0 0 1.5 1.9 4.94 13.8 -24.86 -6.59 3.14
CAR 0.0 1 0.0 0 0 0 0 1.52 1.9 4.1 21.94 -20.03 -6.71 3.14
CAR 0.0 0 0.0 0 0 0 0 1.55 1.9 4.92 15.7 -17.65 -6.7 3.14
CAR 0.0 0 0.0 0 0 0 0 1.65 1.9 4.1 22.09 39.0 -8.19 3.14
CAR 0.0 0 0.0 0 0 0 0 1.4 1.9 4.36 23.23 -29.5 -6.61 3.14
CAR 0.0 0 0.0 0 0 0 0 1.65 1.9 4.1 26.34 39.5 -8.14 3.14
TRAILER 0.0 0 0.0 0 0 0 0 4.11 3.0 11.09 62.36 -3.04 -5.51 3.14
VAN 0.0 0 0.0 0 0 0 0 2.35 2.2 4.7 23.1 9.04 -5.69 3.14
VAN 0.0 0 0.0 0 0 0 0 2.0 2.2 6.0 12.27 -32.62 -6.18 3.14
CAR 0.0 1 0.0 0 0 0 0 1.5 1.9 4.1 17.99 -21.98 -6.48 3.14
CAR 0.0 1 0.0 0 0 0 0 1.5 1.9 4.1 38.04 10.09 -6.64 3.14
VAN 0.0 0 0.0 0 0 0 0 2.54 2.17 5.71 8.02 -14.15 -6.64 3.14
CAR 0.0 0 0.0 0 0 0 0 1.51 1.9 4.1 46.69 8.46 -6.56 3.14
CAR 0.0 0 0.0 0 0 0 0 1.5 1.9 4.1 48.75 14.66 -7.16 3.14
PEDESTRIAN 0.0 1 0.0 0 0 0 0 1.75 0.73 0.85 39.83 -6.67 -6.48 3.14
CAR 0.0 1 0.0 0 0 0 0 1.49 1.9 4.1 16.63 -27.96 -6.4 3.14
