CAR 0.0 0 0.0 0 0 0 0 1.5 1.9 4.94 13.86 -24.85 -6.59 3.14
CAR 0.0 1 0.0 0 0 0 0 1.52 1.9 4.1 21.95 -20.04 -6.71 3.14
CAR 0.0 0 0.0 0 0 0 0 1.55 1.9 4.92 15.69 -17.65 -6.7 3.14
CAR 0.0 0 0.0 0 0 0 0 1.65 1.9 4.1 22.15 38.97 -8.19 3.14
CAR 0.0 0 0.0 0 0 0 0 1.4 1.9 4.36 23.21 -29.5 -6.61 3.14
CAR 0.0 0 0.0 0 0 0 0 1.65 1.9 4.1 26.39 39.58 -8.14 3.14
TRAILER 0.0 0 0.0 0 0 0 0 4.11 3.0 11.09 57.09 -2.55 -5.51 3.14
VAN 0.0 0 0.0 0 0 0 0 2.35 2.2 4.7 27.89 10.35 -5.69 3.14
VAN 0.0 0 0.0 0 0 0 0 2.0 2.2 6.0 12.26 -32.61 -6.18 3.14
CAR 0.0 1 0.0 0 0 0 0 1.5 1.9 4.1 18.02 -21.98 -6.48 3.14
CAR 0.0 1 0.0 0 0 0 0 1.5 1.9 4.1 41.83 9.41 -6.64 3.14
VAN 0.0 0 0.0 0 0 0 0 2.54 2.17 5.71 7.44 -8.53 -6.64 3.14
CAR 0.0 1 0.0 0 0 0 0 1.51 1.9 4.1 50.44 7.75 -6.56 3.14
CAR 0.0 0 0.0 0 0 0 0 1.5 1.9 4.1 48.75 14.66 -7.16 3.14
PEDESTRIAN 0.0 1 0.0 0 0 0 0 1.75 0.73 0.85 39.87 -6.67 -6.48 3.14
CAR 0.0 0 0.0 0 0 0 0 1.5 1.8 4.31 17.18 6.9 -7.05 3.14
CAR 0.0 1 0.0 0 0 0 0 1.49 1.9 4.1 16.38 -28.34 -6.4 3.14
CAR 0.0 1 0.0 0 0 0 0 1.5 1.9 4.1 24.89 -22.46 -6.67 3.14
