CAR 0.0 0 0.0 0 0 0 0 1.5 1.9 4.94 13.84 -24.86 -6.59 3.14
CAR 0.0 1 0.0 0 0 0 0 1.52 1.9 4.1 21.94 -20.03 -6.71 3.14
CAR 0.0 0 0.0 0 0 0 0 1.55 1.9 4.92 15.7 -17.65 -6.7 3.14
CAR 0.0 0 0.0 0 0 0 0 1.65 1.9 4.1 22.14 38.99 -8.19 3.14
CAR 0.0 0 0.0 0 0 0 0 1.4 1.9 4.36 23.2 -29.5 -6.61 3.14
CAR 0.0 0 0.0 0 0 0 0 1.65 1.9 4.1 26.39 39.59 -8.14 3.14
TRAILER 0.0 0 0.0 0 0 0 0 4.11 3.0 11.09 64.74 -3.1 -5.51 3.14
VAN 0.0 0 0.0 0 0 0 0 2.35 2.2 4.7 21.1 8.05 -5.69 3.14
VAN 0.0 0 0.0 0 0 0 0 2.0 2.2 6.0 12.29 -32.56 -6.18 3.14
CAR 0.0 1 0.0 0 0 0 0 1.5 1.9 4.1 18.04 -22.03 -6.48 3.14
CAR 0.0 1 0.0 0 0 0 0 1.5 1.9 4.1 36.25 10.39 -6.64 3.14
VAN 0.0 0 0.0 0 0 0 0 2.54 2.17 5.71 7.23 -17.62 -6.64 3.14
CAR 0.0 0 0.0 0 0 0 0 1.51 1.9 4.1 44.98 8.78 -6.56 3.14
CAR 0.0 0 0.0 0 0 0 0 1.5 1.9 4.1 48.74 14.64 -7.16 3.14
PEDESTRIAN 0.0 1 0.0 0 0 0 0 1.75 0.73 0.85 39.86 -6.68 -6.48 3.14
CAR 0.0 1 0.0 0 0 0 0 1.49 1.9 4.1 16.6 -27.88 -6.4 3.14
