CAR 0.0 0 0.0 0 0 0 0 1.5 1.9 4.94 13.85 -24.85 -6.59 3.14
CAR 0.0 1 0.0 0 0 0 0 1.52 1.9 4.1 21.96 -20.04 -6.71 3.14
CAR 0.0 0 0.0 0 0 0 0 1.55 1.9 4.92 15.7 -17.65 -6.7 3.14
CAR 0.0 0 0.0 0 0 0 0 1.65 1.9 4.1 22.1 39.0 -8.19 3.14
CAR 0.0 0 0.0 0 0 0 0 1.4 1.9 4.36 23.21 -29.47 -6.61 3.14
CAR 0.0 0 0.0 0 0 0 0 1.65 1.9 4.1 26.36 39.54 -8.14 3.14
TRAILER 0.0 0 0.0 0 0 0 0 4.11 3.0 11.09 58.54 -2.76 -5.51 3.14
VAN 0.0 0 0.0 0 0 0 0 2.35 2.2 4.7 26.51 10.09 -5.69 3.14
VAN 0.0 0 0.0 0 0 0 0 2.0 2.2 6.0 12.21 -32.61 -6.18 3.14
CAR 0.0 1 0.0 0 0 0 0 1.5 1.9 4.1 18.08 -21.99 -6.48 3.14
CAR 0.0 1 0.0 0 0 0 0 1.5 1.9 4.1 40.73 9.59 -6.64 3.14
VAN 0.0 0 0.0 0 0 0 0 2.54 2.17 5.71 6.3 -10.07 -6.64 3.14
CAR 0.0 1 0.0 0 0 0 0 1.51 1.9 4.1 49.34 7.97 -6.56 3.14
CAR 0.0 0 0.0 0 0 0 0 1.5 1.9 4.1 48.76 14.66 -7.16 3.14
PEDESTRIAN 0.0 1 0.0 0 0 0 0 1.75 0.73 0.85 39.8 -6.66 -6.48 3.14
CAR 0.0 0 0.0 0 0 0 0 1.5 1.8 4.31 16.08 6.52 -7.05 3.14
CAR 0.0 1 0.0 0 0 0 0 1.49 1.9 4.1 16.51 -28.13 -6.4 3.14
CAR 0.0 1 0.0 0 0 0 0 1.5 1.9 4.1 24.9 -22.47 -6.67 3.14
