CAR 0.0 0 0.0 0 0 0 0 1.5 1.9 4.94 13.86 -24.79 -6.59 3.14
CAR 0.0 1 0.0 0 0 0 0 1.52 1.9 4.1 21.93 -20.03 -6.71 3.14
CAR 0.0 0 0.0 0 0 0 0 1.55 1.9 4.92 15.69 -17.65 -6.7 3.14
CAR 0.0 0 0.0 0 0 0 0 1.65 1.9 4.1 22.14 38.98 -8.19 3.14
CAR 0.0 0 0.0 0 0 0 0 1.4 1.9 4.36 23.22 -29.49 -6.61 3.14
CAR 0.0 0 0.0 0 0 0 0 1.65 1.9 4.1 26.39 39.6 -8.14 3.14
TRAILER 0.0 0 0.0 0 0 0 0 4.11 3.0 11.09 72.52 -3.8 -5.51 3.14
VAN 0.0 0 0.0 0 0 0 0 2.35 2.2 4.7 15.61 4.09 -5.69 3.14
VAN 0.0 0 0.0 0 0 0 0 2.0 2.2 6.0 12.26 -32.62 -6.18 3.14
CAR 0.0 1 0.0 0 0 0 0 1.5 1.9 4.1 17.98 -22.04 -6.48 3.14
CAR 0.0 1 0.0 0 0 0 0 1.5 1.9 4.1 30.27 10.34 -6.64 3.14
VAN 0.0 0 0.0 0 0 0 0 2.54 2.17 5.71 4.89 -28.89 -6.64 3.14
CAR 0.0 0 0.0 0 0 0 0 1.51 1.9 4.1 39.5 9.87 -6.56 3.14
CAR 0.0 0 0.0 0 0 0 0 1.5 1.9 4.1 48.73 14.66 -7.16 3.14
PEDESTRIAN 0.0 1 0.0 0 0 0 0 1.75 0.73 0.85 39.81 -6.64 -6.48 3.14
CAR 0.0 1 0.0 0 0 0 0 1.49 1.9 4.1 16.61 -27.95 -6.4 3.14
CAR 0.0 1 0.0 0 0 0 0 1.5 1.9 4.1 24.89 -22.44 -6.67 3.14
