CAR 0.0 0 0.0 0 0 0 0 1.5 1.9 4.94 13.79 -24.85 -6.59 3.14
CAR 0.0 1 0.0 0 0 0 0 1.52 1.9 4.1 21.9 -20.02 -6.71 3.14
CAR 0.0 0 0.0 0 0 0 0 1.55 1.9 4.92 15.67 -17.65 -6.7 3.14
CAR 0.0 0 0.0 0 0 0 0 1.65 1.9 4.1 22.14 38.96 -8.19 3.14
CAR 0.0 0 0.0 0 0 0 0 1.4 1.9 4.36 23.23 -29.49 -6.61 3.14
CAR 0.0 0 0.0 0 0 0 0 1.65 1.9 4.1 26.35 39.51 -8.14 3.14
TRAILER 0.0 0 0.0 0 0 0 0 4.11 3.0 11.09 46.12 -2.09 -5.51 3.14
VAN 0.0 0 0.0 0 0 0 0 2.35 2.2 4.7 37.83 9.9 -5.69 3.14
VAN 0.0 0 0.0 0 0 0 0 2.0 2.2 6.0 12.27 -32.65 -6.18 3.14
CAR 0.0 1 0.0 0 0 0 0 1.5 1.9 4.1 17.75 -23.22 -6.48 3.14
CAR 0.0 1 0.0 0 0 0 0 1.5 1.9 4.1 48.54 8.13 -6.64 3.14
VAN 0.0 0 0.0 0 0 0 0 2.54 2.17 5.71 16.16 4.94 -6.64 3.14
CAR 0.0 1 0.0 0 0 0 0 1.51 1.9 4.1 57.75 6.39 -6.56 3.14
CAR 0.0 0 0.0 0 0 0 0 1.5 1.9 4.1 48.73 14.65 -7.16 3.14
PEDESTRIAN 0.0 1 0.0 0 0 0 0 1.75 0.73 0.85 39.85 -6.68 -6.48 3.14
CAR 0.0 0 0.0 0 0 0 0 1.5 1.8 4.31 25.6 10.73 -7.05 3.14
CAR 0.0 1 0.0 0 0 0 0 1.49 1.9 4.1 15.93 -30.37 -6.4 3.14
CAR 0.0 1 0.0 0 0 0 0 1.5 1.9 4.1 24.64 -22.37 -6.67 3.14
