CAR 0.0 0 0.0 0 0 0 0 1.5 1.9 4.94 13.84 -24.85 -6.59 3.14
CAR 0.0 1 0.0 0 0 0 0 1.52 1.9 4.1 21.95 -20.04 -6.71 3.14
CAR 0.0 0 0.0 0 0 0 0 1.55 1.9 4.92 15.67 -17.65 -6.7 3.14
CAR 0.0 0 0.0 0 0 0 0 1.65 1.9 4.1 22.14 38.96 -8.19 3.14
CAR 0.0 0 0.0 0 0 0 0 1.4 1.9 4.36 23.2 -29.5 -6.61 3.14
CAR 0.0 0 0.0 0 0 0 0 1.65 1.9 4.1 26.38 39.57 -8.14 3.14
TRAILER 0.0 0 0.0 0 0 0 0 4.11 3.0 11.09 56.35 -2.55 -5.51 3.14
VAN 0.0 0 0.0 0 0 0 0 2.35 2.2 4.7 28.61 10.51 -5.69 3.14
VAN 0.0 0 0.0 0 0 0 0 2.0 2.2 6.0 12.26 -32.6 -6.18 3.14
CAR 0.0 1 0.0 0 0 0 0 1.5 1.9 4.1 18.0 -22.01 -6.48 3.14
CAR 0.0 1 0.0 0 0 0 0 1.5 1.9 4.1 42.34 9.17 -6.64 3.14
VAN 0.0 0 0.0 0 0 0 0 2.54 2.17 5.71 8.0 -7.76 -6.64 3.14
CAR 0.0 1 0.0 0 0 0 0 1.51 1.9 4.1 50.98 7.62 -6.56 3.14
CAR 0.0 0 0.0 0 0 0 0 1.5 1.9 4.1 48.73 14.65 -7.16 3.14
PEDESTRIAN 0.0 1 0.0 0 0 0 0 1.75 0.73 0.85 39.86 -6.68 -6.48 3.14
CAR 0.0 0 0.0 0 0 0 0 1.5 1.8 4.31 17.73 7.09 -7.05 3.14
CAR 0.0 1 0.0 0 0 0 0 1.49 1.9 4.1 16.37 -28.43 -6.4 3.14
CAR 0.0 1 0.0 0 0 0 0 1.5 1.9 4.1 24.89 -22.45 -6.67 3.14
