CAR 0.0 0 0.0 0 0 0 0 1.5 1.9 4.94 13.84 -24.85 -6.59 3.14
CAR 0.0 1 0.0 0 0 0 0 1.52 1.9 4.1 21.97 -20.04 -6.71 3.14
CAR 0.0 0 0.0 0 0 0 0 1.55 1.9 4.92 15.7 -17.65 -6.7 3.14
CAR 0.0 0 0.0 0 0 0 0 1.65 1.9 4.1 22.13 38.98 -8.19 3.14
CAR 0.0 0 0.0 0 0 0 0 1.4 1.9 4.36 23.24 -29.47 -6.61 3.14
CAR 0.0 0 0.0 0 0 0 0 1.65 1.9 4.1 26.36 39.54 -8.14 3.14
TRAILER 0.0 0 0.0 0 0 0 0 4.11 3.0 11.09 60.06 -2.76 -5.51 3.14
VAN 0.0 0 0.0 0 0 0 0 2.35 2.2 4.7 25.13 9.75 -5.69 3.14
VAN 0.0 0 0.0 0 0 0 0 2.0 2.2 6.0 12.25 -32.61 -6.18 3.14
CAR 0.0 1 0.0 0 0 0 0 1.5 1.9 4.1 18.04 -21.98 -6.48 3.14
CAR 0.0 1 0.0 0 0 0 0 1.5 1.9 4.1 39.75 9.77 -6.64 3.14
VAN 0.0 0 0.0 0 0 0 0 2.54 2.17 5.71 8.63 -11.03 -6.64 3.14
CAR 0.0 1 0.0 0 0 0 0 1.51 1.9 4.1 48.28 8.15 -6.56 3.14
CAR 0.0 0 0.0 0 0 0 0 1.5 1.9 4.1 48.73 14.65 -7.16 3.14
PEDESTRIAN 0.0 1 0.0 0 0 0 0 1.75 0.73 0.85 39.82 -6.67 -6.48 3.14
CAR 0.0 0 0.0 0 0 0 0 1.5 1.8 4.31 14.98 6.14 -7.05 3.14
CAR 0.0 1 0.0 0 0 0 0 1.49 1.9 4.1 16.48 -27.98 -6.4 3.14
CAR 0.0 1 0.0 0 0 0 0 1.5 1.9 4.1 24.91 -22.48 -6.67 3.14
