CAR 0.0 0 0.0 0 0 0 0 1.5 1.9 4.94 13.81 -24.86 -6.59 3.14
CAR 0.0 1 0.0 0 0 0 0 1.52 1.9 4.1 21.93 -20.04 -6.71 3.14
CAR 0.0 0 0.0 0 0 0 0 1.55 1.9 4.92 15.67 -17.65 -6.7 3.14
CAR 0.0 0 0.0 0 0 0 0 1.65 1.9 4.1 22.16 38.97 -8.19 3.14
CAR 0.0 0 0.0 0 0 0 0 1.4 1.9 4.36 23.21 -29.51 -6.61 3.14
CAR 0.0 0 0.0 0 0 0 0 1.65 1.9 4.1 26.39 39.58 -8.14 3.14
TRAILER 0.0 0 0.0 0 0 0 0 4.11 3.0 11.09 50.49 -2.27 -5.51 3.14
VAN 0.0 0 0.0 0 0 0 0 2.35 2.2 4.7 34.08 10.34 -5.69 3.14
VAN 0.0 0 0.0 0 0 0 0 2.0 2.2 6.0 12.31 -32.62 -6.18 3.14
CAR 0.0 1 0.0 0 0 0 0 1.5 1.9 4.1 17.88 -22.38 -6.48 3.14
CAR 0.0 1 0.0 0 0 0 0 1.5 1.9 4.1 46.05 8.39 -6.64 3.14
VAN 0.0 0 0.0 0 0 0 0 2.54 2.17 5.71 12.93 0.78 -6.64 3.14
CAR 0.0 1 0.0 0 0 0 0 1.51 1.9 4.1 55.12 6.86 -6.56 3.14
CAR 0.0 0 0.0 0 0 0 0 1.5 1.9 4.1 48.74 14.66 -7.16 3.14
PEDESTRIAN 0.0 1 0.0 0 0 0 0 1.75 0.73 0.85 39.78 -6.66 -6.48 3.14
CAR 0.0 0 0.0 0 0 0 0 1.5 1.8 4.31 22.16 9.3 -7.05 3.14
CAR 0.0 1 0.0 0 0 0 0 1.49 1.9 4.1 16.12 -29.39 -6.4 3.14
CAR 0.0 1 0.0 0 0 0 0 1.5 1.9 4.1 24.78 -22.47 -6.67 3.14
