CAR 0.0 0 0.0 0 0 0 0 1.5 1.9 4.94 13.77 -24.85 -6.59 3.14
CAR 0.0 1 0.0 0 0 0 0 1.52 1.9 4.1 21.96 -20.04 -6.71 3.14
CAR 0.0 0 0.0 0 0 0 0 1.55 1.9 4.92 15.67 -17.65 -6.7 3.14
CAR 0.0 0 0.0 0 0 0 0 1.65 1.9 4.1 22.14 38.97 -8.19 3.14
CAR 0.0 0 0.0 0 0 0 0 1.4 1.9 4.36 23.24 -29.49 -6.61 3.14
CAR 0.0 0 0.0 0 0 0 0 1.65 1.9 4.1 26.35 39.51 -8.14 3.14
TRAILER 0.0 0 0.0 0 0 0 0 4.11 3.0 11.09 45.39 -2.09 -5.51 3.14
VAN 0.0 0 0.0 0 0 0 0 2.35 2.2 4.7 38.38 9.8 -5.69 3.14
VAN 0.0 0 0.0 0 0 0 0 2.0 2.2 6.0 12.27 -32.63 -6.18 3.14
CAR 0.0 1 0.0 0 0 0 0 1.5 1.9 4.1 17.74 -23.31 -6.48 3.14
CAR 0.0 1 0.0 0 0 0 0 1.5 1.9 4.1 48.91 8.07 -6.64 3.14
VAN 0.0 0 0.0 0 0 0 0 2.54 2.17 5.71 16.57 5.37 -6.64 3.14
CAR 0.0 1 0.0 0 0 0 0 1.51 1.9 4.1 58.23 6.3 -6.56 3.14
CAR 0.0 0 0.0 0 0 0 0 1.5 1.9 4.1 48.73 14.65 -7.16 3.14
PEDESTRIAN 0.0 1 0.0 0 0 0 0 1.75 0.73 0.85 39.79 -6.66 -6.48 3.14
CAR 0.0 0 0.0 0 0 0 0 1.5 1.8 4.31 26.14 10.93 -7.05 3.14
CAR 0.0 1 0.0 0 0 0 0 1.49 1.9 4.1 15.82 -30.52 -6.4 3.14
CAR 0.0 1 0.0 0 0 0 0 1.5 1.9 4.1 24.67 -22.36 -6.67 3.14
CAR 0.0 0 0.0 0 0 0 0 1.5 1.9 4.1 29.5 44.86 -8.32 3.14
