CAR 0.0 0 0.0 0 0 0 0 1.5 1.9 4.94 13.82 -24.86 -6.59 3.14
CAR 0.0 1 0.0 0 0 0 0 1.52 1.9 4.1 21.95 -20.04 -6.71 3.14
CAR 0.0 0 0.0 0 0 0 0 1.55 1.9 4.92 15.67 -17.65 -6.7 3.14
CAR 0.0 0 0.0 0 0 0 0 1.65 1.9 4.1 22.15 38.96 -8.19 3.14
CAR 0.0 0 0.0 0 0 0 0 1.4 1.9 4.36 23.22 -29.5 -6.61 3.14
CAR 0.0 0 0.0 0 0 0 0 1.65 1.9 4.1 26.37 39.54 -8.14 3.14
TRAILER 0.0 0 0.0 0 0 0 0 4.11 3.0 11.09 40.93 -1.86 -5.51 3.14
VAN 0.0 0 0.0 0 0 0 0 2.35 2.2 4.7 41.33 9.23 -5.69 3.14
VAN 0.0 0 0.0 0 0 0 0 2.0 2.2 6.0 12.23 -32.58 -6.18 3.14
CAR 0.0 1 0.0 0 0 0 0 1.5 1.9 4.1 17.66 -23.61 -6.48 3.14
CAR 0.0 1 0.0 0 0 0 0 1.5 1.9 4.1 51.02 7.58 -6.64 3.14
VAN 0.0 0 0.0 0 0 0 0 2.54 2.17 5.71 19.52 7.94 -6.64 3.14
CAR 0.0 1 0.0 0 0 0 0 1.51 1.9 4.1 60.19 6.01 -6.56 3.14
CAR 0.0 0 0.0 0 0 0 0 1.5 1.9 4.1 48.73 14.63 -7.16 3.14
PEDESTRIAN 0.0 1 0.0 0 0 0 0 1.75 0.73 0.85 39.8 -6.6 -6.48 3.14
CAR 0.0 0 0.0 0 0 0 0 1.5 1.8 4.31 30.09 11.31 -7.05 3.14
CAR 0.0 1 0.0 0 0 0 0 1.49 1.9 4.1 15.7 -31.69 -6.4 3.14
CAR 0.0 1 0.0 0 0 0 0 1.5 1.9 4.1 24.9 -22.3 -6.67 3.14
CAR 0.0 0 0.0 0 0 0 0 1.5 1.9 4.1 29.5 44.86 -8.32 3.14
