CAR 0.0 0 0.0 0 0 0 0 1.5 1.9 4.94 13.81 -24.82 -6.59 3.14
CAR 0.0 1 0.0 0 0 0 0 1.52 1.9 4.1 21.94 -20.03 -6.71 3.14
CAR 0.0 0 0.0 0 0 0 0 1.55 1.9 4.92 15.67 -17.66 -6.7 3.14
CAR 0.0 0 0.0 0 0 0 0 1.65 1.9 4.1 22.15 38.97 -8.19 3.14
CAR 0.0 0 0.0 0 0 0 0 1.4 1.9 4.36 23.22 -29.56 -6.61 3.14
CAR 0.0 0 0.0 0 0 0 0 1.65 1.9 4.1 26.36 39.53 -8.14 3.14
TRAILER 0.0 0 0.0 0 0 0 0 4.11 3.0 11.09 43.17 -1.92 -5.51 3.14
VAN 0.0 0 0.0 0 0 0 0 2.35 2.2 4.7 39.95 9.66 -5.69 3.14
VAN 0.0 0 0.0 0 0 0 0 2.0 2.2 6.0 12.28 -32.61 -6.18 3.14
CAR 0.0 1 0.0 0 0 0 0 1.5 1.9 4.1 17.72 -23.33 -6.48 3.14
CAR 0.0 1 0.0 0 0 0 0 1.5 1.9 4.1 50.01 7.81 -6.64 3.14
VAN 0.0 0 0.0 0 0 0 0 2.54 2.17 5.71 18.14 6.81 -6.64 3.14
CAR 0.0 1 0.0 0 0 0 0 1.51 1.9 4.1 59.2 6.14 -6.56 3.14
CAR 0.0 0 0.0 0 0 0 0 1.5 1.9 4.1 48.73 14.66 -7.16 3.14
PEDESTRIAN 0.0 1 0.0 0 0 0 0 1.75 0.73 0.85 39.83 -6.68 -6.48 3.14
CAR 0.0 0 0.0 0 0 0 0 1.5 1.8 4.31 28.75 11.45 -7.05 3.14
CAR 0.0 1 0.0 0 0 0 0 1.49 1.9 4.1 15.75 -31.39 -6.4 3.14
CAR 0.0 1 0.0 0 0 0 0 1.5 1.9 4.1 24.89 -22.3 -6.67 3.14
CAR 0.0 0 0.0 0 0 0 0 1.5 1.9 4.1 29.5 44.86 -8.32 3.14
