CAR 0.0 0 0.0 0 0 0 0 1.5 1.9 4.94 13.82 -24.86 -6.59 3.14
CAR 0.0 1 0.0 0 0 0 0 1.52 1.9 4.1 21.89 -20.02 -6.71 3.14
CAR 0.0 0 0.0 0 0 0 0 1.55 1.9 4.92 15.7 -17.65 -6.7 3.14
CAR 0.0 0 0.0 0 0 0 0 1.65 1.9 4.1 22.12 38.99 -8.19 3.14
CAR 0.0 0 0.0 0 0 0 0 1.4 1.9 4.36 23.22 -29.51 -6.61 3.14
CAR 0.0 0 0.0 0 0 0 0 1.65 1.9 4.1 26.36 39.53 -8.14 3.14
TRAILER 0.0 0 0.0 0 0 0 0 4.11 3.0 11.09 63.16 -3.14 -5.51 3.14
VAN 0.0 0 0.0 0 0 0 0 2.35 2.2 4.7 22.39 8.68 -5.69 3.14
VAN 0.0 0 0.0 0 0 0 0 2.0 2.2 6.0 12.27 -32.63 -6.18 3.14
CAR 0.0 1 0.0 0 0 0 0 1.5 1.9 4.1 17.99 -21.98 -6.48 3.14
CAR 0.0 1 0.0 0 0 0 0 1.5 1.9 4.1 37.46 10.25 -6.64 3.14
VAN 0.0 0 0.0 0 0 0 0 2.54 2.17 5.71 7.76 -15.31 -6.64 3.14
CAR 0.0 0 0.0 0 0 0 0 1.51 1.9 4.1 46.0 8.59 -6.56 3.14
CAR 0.0 0 0.0 0 0 0 0 1.5 1.9 4.1 48.75 14.66 -7.16 3.14
PEDESTRIAN 0.0 1 0.0 0 0 0 0 1.75 0.73 0.85 39.82 -6.66 -6.48 3.14
CAR 0.0 1 0.0 0 0 0 0 1.49 1.9 4.1 16.59 -27.93 -6.4 3.14
