CAR 0.0 0 0.0 0 0 0 0 1.5 1.9 4.94 13.83 -24.87 -6.59 3.14
CAR 0.0 1 0.0 0 0 0 0 1.52 1.9 4.1 21.95 -20.04 -6.71 3.14
CAR 0.0 0 0.0 0 0 0 0 1.55 1.9 4.92 15.67 -17.65 -6.7 3.14
CAR 0.0 0 0.0 0 0 0 0 1.65 1.9 4.1 22.14 38.98 -8.19 3.14
CAR 0.0 0 0.0 0 0 0 0 1.4 1.9 4.36 23.21 -29.51 -6.61 3.14
CAR 0.0 0 0.0 0 0 0 0 1.65 1.9 4.1 26.42 39.63 -8.14 3.14
TRAILER 0.0 0 0.0 0 0 0 0 4.11 3.0 11.09 51.23 -2.2 -5.51 3.14
VAN 0.0 0 0.0 0 0 0 0 2.35 2.2 4.7 33.44 10.38 -5.69 3.14
VAN 0.0 0 0.0 0 0 0 0 2.0 2.2 6.0 12.28 -32.62 -6.18 3.14
CAR 0.0 1 0.0 0 0 0 0 1.5 1.9 4.1 17.91 -22.31 -6.48 3.14
CAR 0.0 1 0.0 0 0 0 0 1.5 1.9 4.1 45.68 8.44 -6.64 3.14
VAN 0.0 0 0.0 0 0 0 0 2.54 2.17 5.71 12.57 0.05 -6.64 3.14
CAR 0.0 1 0.0 0 0 0 0 1.51 1.9 4.1 54.7 6.94 -6.56 3.14
CAR 0.0 0 0.0 0 0 0 0 1.5 1.9 4.1 48.74 14.66 -7.16 3.14
PEDESTRIAN 0.0 1 0.0 0 0 0 0 1.75 0.73 0.85 39.74 -6.66 -6.48 3.14
CAR 0.0 0 0.0 0 0 0 0 1.5 1.8 4.31 21.62 8.94 -7.05 3.14
CAR 0.0 1 0.0 0 0 0 0 1.49 1.9 4.1 16.2 -29.29 -6.4 3.14
CAR 0.0 1 0.0 0 0 0 0 1.5 1.9 4.1 24.78 -22.48 -6.67 3.14
