CAR 0.0 0 0.0 0 0 0 0 1.5 1.9 4.94 13.82 -24.85 -6.59 3.14
CAR 0.0 1 0.0 0 0 0 0 1.52 1.9 4.1 21.92 -20.06 -6.71 3.14
CAR 0.0 0 0.0 0 0 0 0 1.55 1.9 4.92 15.67 -17.65 -6.7 3.14
CAR 0.0 0 0.0 0 0 0 0 1.65 1.9 4.1 22.15 38.98 -8.19 3.14
CAR 0.0 0 0.0 0 0 0 0 1.4 1.9 4.36 23.2 -29.49 -6.61 3.14
CAR 0.0 0 0.0 0 0 0 0 1.65 1.9 4.1 26.4 39.6 -8.14 3.14
TRAILER 0.0 0 0.0 0 0 0 0 4.11 3.0 11.09 49.05 -2.19 -5.51 3.14
VAN 0.0 0 0.0 0 0 0 0 2.35 2.2 4.7 35.39 10.24 -5.69 3.14
VAN 0.0 0 0.0 0 0 0 0 2.0 2.2 6.0 12.26 -32.63 -6.18 3.14
CAR 0.0 1 0.0 0 0 0 0 1.5 1.9 4.1 17.85 -22.8 -6.48 3.14
CAR 0.0 1 0.0 0 0 0 0 1.5 1.9 4.1 46.96 8.25 -6.64 3.14
VAN 0.0 0 0.0 0 0 0 0 2.54 2.17 5.71 14.05 2.31 -6.64 3.14
CAR 0.0 1 0.0 0 0 0 0 1.51 1.9 4.1 56.28 6.65 -6.56 3.14
CAR 0.0 0 0.0 0 0 0 0 1.5 1.9 4.1 48.74 14.65 -7.16 3.14
PEDESTRIAN 0.0 1 0.0 0 0 0 0 1.75 0.73 0.85 39.81 -6.68 -6.48 3.14
CAR 0.0 0 0.0 0 0 0 0 1.5 1.8 4.31 23.3 9.85 -7.05 3.14
CAR 0.0 1 0.0 0 0 0 0 1.49 1.9 4.1 16.0 -29.76 -6.4 3.14
CAR 0.0 1 0.0 0 0 0 0 1.5 1.9 4.1 24.79 -22.44 -6.67 3.14
