CAR 0.0 0 0.0 0 0 0 0 1.5 1.9 4.94 13.86 -24.88 -6.59 3.14
CAR 0.0 1 0.0 0 0 0 0 1.52 1.9 4.1 21.93 -20.03 -6.71 3.14
CAR 0.0 0 0.0 0 0 0 0 1.55 1.9 4.92 15.67 -17.65 -6.7 3.14
CAR 0.0 0 0.0 0 0 0 0 1.65 1.9 4.1 22.15 38.96 -8.19 3.14
CAR 0.0 0 0.0 0 0 0 0 1.4 1.9 4.36 23.22 -29.5 -6.61 3.14
CAR 0.0 0 0.0 0 0 0 0 1.65 1.9 4.1 26.34 39.5 -8.14 3.14
TRAILER 0.0 0 0.0 0 0 0 0 4.11 3.0 11.09 41.66 -1.9 -5.51 3.14
VAN 0.0 0 0.0 0 0 0 0 2.35 2.2 4.7 40.89 9.36 -5.69 3.14
VAN 0.0 0 0.0 0 0 0 0 2.0 2.2 6.0 12.28 -32.6 -6.18 3.14
CAR 0.0 1 0.0 0 0 0 0 1.5 1.9 4.1 17.76 -23.4 -6.48 3.14
CAR 0.0 1 0.0 0 0 0 0 1.5 1.9 4.1 50.6 7.6 -6.64 3.14
VAN 0.0 0 0.0 0 0 0 0 2.54 2.17 5.71 19.03 7.56 -6.64 3.14
CAR 0.0 1 0.0 0 0 0 0 1.51 1.9 4.1 59.87 6.03 -6.56 3.14
CAR 0.0 0 0.0 0 0 0 0 1.5 1.9 4.1 48.71 14.65 -7.16 3.14
PEDESTRIAN 0.0 1 0.0 0 0 0 0 1.75 0.73 0.85 39.78 -6.64 -6.48 3.14
CAR 0.0 0 0.0 0 0 0 0 1.5 1.8 4.31 29.64 11.35 -7.05 3.14
CAR 0.0 1 0.0 0 0 0 0 1.49 1.9 4.1 15.85 -31.56 -6.4 3.14
CAR 0.0 1 0.0 0 0 0 0 1.5 1.9 4.1 24.9 -22.3 -6.67 3.14
CAR 0.0 0 0.0 0 0 0 0 1.5 1.9 4.1 29.5 44.86 -8.32 3.14
