CAR 0.0 0 0.0 0 0 0 0 1.5 1.9 4.94 13.79 -24.78 -6.59 3.14
CAR 0.0 1 0.0 0 0 0 0 1.52 1.9 4.1 21.92 -20.03 -6.71 3.14
CAR 0.0 0 0.0 0 0 0 0 1.55 1.9 4.92 15.69 -17.65 -6.7 3.14
CAR 0.0 0 0.0 0 0 0 0 1.65 1.9 4.1 22.13 38.98 -8.19 3.14
CAR 0.0 0 0.0 0 0 0 0 1.4 1.9 4.36 23.2 -29.49 -6.61 3.14
CAR 0.0 0 0.0 0 0 0 0 1.65 1.9 4.1 26.34 39.52 -8.14 3.14
TRAILER 0.0 0 0.0 0 0 0 0 4.11 3.0 11.09 78.21 -4.32 -5.51 3.14
VAN 0.0 0 0.0 0 0 0 0 2.35 2.2 4.7 11.86 0.73 -5.69 3.14
VAN 0.0 0 0.0 0 0 0 0 2.0 2.2 6.0 12.26 -32.62 -6.18 3.14
CAR 0.0 1 0.0 0 0 0 0 1.5 1.9 4.1 17.99 -22.04 -6.48 3.14
CAR 0.0 1 0.0 0 0 0 0 1.5 1.9 4.1 25.99 9.37 -6.64 3.14
VAN 0.0 0 0.0 0 0 0 0 2.54 2.17 5.71 3.41 -37.02 -6.64 3.14
CAR 0.0 0 0.0 0 0 0 0 1.51 1.9 4.1 35.61 10.72 -6.56 3.14
CAR 0.0 0 0.0 0 0 0 0 1.5 1.9 4.1 48.75 14.65 -7.16 3.14
PEDESTRIAN 0.0 1 0.0 0 0 0 0 1.75 0.73 0.85 39.86 -6.66 -6.48 3.14
CAR 0.0 1 0.0 0 0 0 0 1.49 1.9 4.1 16.49 -27.88 -6.4 3.14
CAR 0.0 1 0.0 0 0 0 0 1.5 1.9 4.1 24.85 -22.43 -6.67 3.14
