CAR 0.0 0 0.0 0 0 0 0 1.5 1.9 4.94 13.83 -24.81 -6.59 3.14
CAR 0.0 1 0.0 0 0 0 0 1.52 1.9 4.1 21.92 -20.03 -6.71 3.14
CAR 0.0 0 0.0 0 0 0 0 1.55 1.9 4.92 15.68 -17.65 -6.7 3.14
CAR 0.0 0 0.0 0 0 0 0 1.65 1.9 4.1 22.15 38.97 -8.19 3.14
CAR 0.0 0 0.0 0 0 0 0 1.4 1.9 4.36 23.21 -29.52 -6.61 3.14
CAR 0.0 0 0.0 0 0 0 0 1.65 1.9 4.1 26.36 39.54 -8.14 3.14
TRAILER 0.0 0 0.0 0 0 0 0 4.11 3.0 11.09 54.87 -2.38 -5.51 3.14
VAN 0.0 0 0.0 0 0 0 0 2.35 2.2 4.7 29.95 10.45 -5.69 3.14
VAN 0.0 0 0.0 0 0 0 0 2.0 2.2 6.0 12.23 -32.6 -6.18 3.14
CAR 0.0 1 0.0 0 0 0 0 1.5 1.9 4.1 17.96 -22.29 -6.48 3.14
CAR 0.0 1 0.0 0 0 0 0 1.5 1.9 4.1 43.32 8.82 -6.64 3.14
VAN 0.0 0 0.0 0 0 0 0 2.54 2.17 5.71 9.14 -6.22 -6.64 3.14
CAR 0.0 1 0.0 0 0 0 0 1.51 1.9 4.1 52.11 7.43 -6.56 3.14
CAR 0.0 0 0.0 0 0 0 0 1.5 1.9 4.1 48.73 14.65 -7.16 3.14
PEDESTRIAN 0.0 1 0.0 0 0 0 0 1.75 0.73 0.85 39.82 -6.64 -6.48 3.14
CAR 0.0 0 0.0 0 0 0 0 1.5 1.8 4.31 18.84 7.48 -7.05 3.14
CAR 0.0 1 0.0 0 0 0 0 1.49 1.9 4.1 16.36 -28.67 -6.4 3.14
CAR 0.0 1 0.0 0 0 0 0 1.5 1.9 4.1 24.88 -22.44 -6.67 3.14
