CAR 0.0 0 0.0 0 0 0 0 1.5 1.9 4.94 13.88 -24.61 -6.59 3.14
CAR 0.0 1 0.0 0 0 0 0 1.52 1.9 4.1 21.94 -20.03 -6.71 3.14
CAR 0.0 0 0.0 0 0 0 0 1.55 1.9 4.92 15.69 -17.65 -6.7 3.14
CAR 0.0 0 0.0 0 0 0 0 1.65 1.9 4.1 22.15 38.98 -8.19 3.14
CAR 0.0 0 0.0 0 0 0 0 1.4 1.9 4.36 23.19 -29.53 -6.61 3.14
CAR 0.0 0 0.0 0 0 0 0 1.65 1.9 4.1 26.35 39.53 -8.14 3.14
TRAILER 0.0 0 0.0 0 0 0 0 4.11 3.0 11.09 84.18 -4.84 -5.51 3.14
VAN 0.0 0 0.0 0 0 0 0 2.35 2.2 4.7 8.1 -1.78 -5.69 3.14
VAN 0.0 0 0.0 0 0 0 0 2.0 2.2 6.0 12.23 -32.62 -6.18 3.14
CAR 0.0 1 0.0 0 0 0 0 1.5 1.9 4.1 18.05 -22.06 -6.48 3.14
CAR 0.0 1 0.0 0 0 0 0 1.5 1.9 4.1 21.69 7.24 -6.64 3.14
VAN 0.0 0 0.0 0 0 0 0 2.54 2.17 5.71 1.94 -44.98 -6.64 3.14
CAR 0.0 0 0.0 0 0 0 0 1.51 1.9 4.1 31.49 10.67 -6.56 3.14
CAR 0.0 0 0.0 0 0 0 0 1.5 1.9 4.1 48.74 14.65 -7.16 3.14
PEDESTRIAN 0.0 1 0.0 0 0 0 0 1.75 0.73 0.85 39.85 -6.65 -6.48 3.14
CAR 0.0 1 0.0 0 0 0 0 1.49 1.9 4.1 16.55 -27.93 -6.4 3.14
CAR 0.0 1 0.0 0 0 0 0 1.5 1.9 4.1 24.65 -22.37 -6.67 3.14
CAR 0.0 0 0.0 0 0 0 0 1.5 1.8 4.31 6.75 -19.3 -6.99 3.14
