CAR 0.0 0 0.0 0 0 0 0 1.5 1.9 4.94 13.92 -24.53 -6.59 3.14
CAR 0.0 1 0.0 0 0 0 0 1.52 1.9 4.1 21.94 -20.03 -6.71 3.14
CAR 0.0 0 0.0 0 0 0 0 1.55 1.9 4.92 15.69 -17.65 -6.7 3.14
CAR 0.0 0 0.0 0 0 0 0 1.65 1.9 4.1 22.13 38.97 -8.19 3.14
CAR 0.0 0 0.0 0 0 0 0 1.4 1.9 4.36 23.22 -29.49 -6.61 3.14
CAR 0.0 0 0.0 0 0 0 0 1.65 1.9 4.1 26.37 39.57 -8.14 3.14
TRAILER 0.0 0 0.0 0 0 0 0 4.11 3.0 11.09 86.25 -4.91 -5.51 3.14
VAN 0.0 0 0.0 0 0 0 0 2.0 2.2 6.0 12.23 -32.61 -6.18 3.14
CAR 0.0 1 0.0 0 0 0 0 1.5 1.9 4.1 18.03 -22.05 -6.48 3.14
CAR 0.0 1 0.0 0 0 0 0 1.5 1.9 4.1 20.31 6.27 -6.64 3.14
VAN 0.0 0 0.0 0 0 0 0 2.54 2.17 5.71 1.54 -47.85 -6.64 3.14
CAR 0.0 0 0.0 0 0 0 0 1.51 1.9 4.1 30.17 10.67 -6.56 3.14
CAR 0.0 0 0.0 0 0 0 0 1.5 1.9 4.1 48.74 14.65 -7.16 3.14
PEDESTRIAN 0.0 1 0.0 0 0 0 0 1.75 0.73 0.85 39.84 -6.59 -6.48 3.14
CAR 0.0 1 0.0 0 0 0 0 1.49 1.9 4.1 16.66 -27.96 -6.4 3.14
CAR 0.0 1 0.0 0 0 0 0 1.5 1.9 4.1 24.61 -22.36 -6.67 3.14
CAR 0.0 0 0.0 0 0 0 0 1.5 1.8 4.31 6.22 -21.67 -6.99 3.14
