CAR 0.0 0 0.0 0 0 0 0 1.5 1.9 4.94 13.83 -24.85 -6.59 3.14
CAR 0.0 1 0.0 0 0 0 0 1.52 1.9 4.1 21.92 -20.03 -6.71 3.14
CAR 0.0 0 0.0 0 0 0 0 1.55 1.9 4.92 15.69 -17.65 -6.7 3.14
CAR 0.0 0 0.0 0 0 0 0 1.65 1.9 4.1 22.14 38.97 -8.19 3.14
CAR 0.0 0 0.0 0 0 0 0 1.4 1.9 4.36 23.22 -29.52 -6.61 3.14
CAR 0.0 0 0.0 0 0 0 0 1.65 1.9 4.1 26.37 39.56 -8.14 3.14
TRAILER 0.0 0 0.0 0 0 0 0 4.11 3.0 11.09 69.87 -3.59 -5.51 3.14
VAN 0.0 0 0.0 0 0 0 0 2.35 2.2 4.7 17.6 5.88 -5.69 3.14
VAN 0.0 0 0.0 0 0 0 0 2.0 2.2 6.0 12.25 -32.63 -6.18 3.14
CAR 0.0 1 0.0 0 0 0 0 1.5 1.9 4.1 17.99 -22.04 -6.48 3.14
CAR 0.0 1 0.0 0 0 0 0 1.5 1.9 4.1 32.39 10.52 -6.64 3.14
VAN 0.0 0 0.0 0 0 0 0 2.54 2.17 5.71 5.65 -24.99 -6.64 3.14
CAR 0.0 0 0.0 0 0 0 0 1.51 1.9 4.1 41.39 9.39 -6.56 3.14
CAR 0.0 0 0.0 0 0 0 0 1.5 1.9 4.1 48.76 14.66 -7.16 3.14
PEDESTRIAN 0.0 1 0.0 0 0 0 0 1.75 0.73 0.85 39.86 -6.68 -6.48 3.14
CAR 0.0 1 0.0 0 0 0 0 1.49 1.9 4.1 16.61 -27.92 -6.4 3.14
