CAR 0.0 0 0.0 0 0 0 0 1.5 1.9 4.94 13.8 -24.86 -6.59 3.14
CAR 0.0 1 0.0 0 0 0 0 1.52 1.9 4.1 21.93 -20.03 -6.71 3.14
CAR 0.0 0 0.0 0 0 0 0 1.55 1.9 4.92 15.67 -17.65 -6.7 3.14
CAR 0.0 0 0.0 0 0 0 0 1.65 1.9 4.1 22.15 38.98 -8.19 3.14
CAR 0.0 0 0.0 0 0 0 0 1.4 1.9 4.36 23.18 -29.49 -6.61 3.14
CAR 0.0 0 0.0 0 0 0 0 1.65 1.9 4.1 26.37 39.55 -8.14 3.14
TRAILER 0.0 0 0.0 0 0 0 0 4.11 3.0 11.09 47.61 -2.1 -5.51 3.14
VAN 0.0 0 0.0 0 0 0 0 2.35 2.2 4.7 36.62 10.06 -5.69 3.14
VAN 0.0 0 0.0 0 0 0 0 2.0 2.2 6.0 12.27 -32.61 -6.18 3.14
CAR 0.0 1 0.0 0 0 0 0 1.5 1.9 4.1 17.79 -23.03 -6.48 3.14
CAR 0.0 1 0.0 0 0 0 0 1.5 1.9 4.1 47.77 8.25 -6.64 3.14
VAN 0.0 0 0.0 0 0 0 0 2.54 2.17 5.71 15.35 3.99 -6.64 3.14
CAR 0.0 1 0.0 0 0 0 0 1.51 1.9 4.1 56.95 6.54 -6.56 3.14
CAR 0.0 0 0.0 0 0 0 0 1.5 1.9 4.1 48.76 14.64 -7.16 3.14
PEDESTRIAN 0.0 1 0.0 0 0 0 0 1.75 0.73 0.85 39.79 -6.64 -6.48 3.14
CAR 0.0 0 0.0 0 0 0 0 1.5 1.8 4.31 24.48 10.11 -7.05 3.14
CAR 0.0 1 0.0 0 0 0 0 1.49 1.9 4.1 15.91 -30.15 -6.4 3.14
CAR 0.0 1 0.0 0 0 0 0 1.5 1.9 4.1 24.8 -22.42 -6.67 3.14
