CAR 0.0 0 0.0 0 0 0 0 1.5 1.9 4.94 13.79 -24.84 -6.59 3.14
CAR 0.0 1 0.0 0 0 0 0 1.52 1.9 4.1 21.94 -20.03 -6.71 3.14
CAR 0.0 0 0.0 0 0 0 0 1.55 1.9 4.92 15.67 -17.66 -6.7 3.14
CAR 0.0 0 0.0 0 0 0 0 1.65 1.9 4.1 22.13 38.97 -8.19 3.14
CAR 0.0 0 0.0 0 0 0 0 1.4 1.9 4.36 23.22 -29.5 -6.61 3.14
CAR 0.0 0 0.0 0 0 0 0 1.65 1.9 4.1 26.36 39.54 -8.14 3.14
TRAILER 0.0 0 0.0 0 0 0 0 4.11 3.0 11.09 44.65 -2.03 -5.51 3.14
VAN 0.0 0 0.0 0 0 0 0 2.35 2.2 4.7 38.89 9.7 -5.69 3.14
VAN 0.0 0 0.0 0 0 0 0 2.0 2.2 6.0 12.28 -32.6 -6.18 3.14
CAR 0.0 1 0.0 0 0 0 0 1.5 1.9 4.1 17.73 -23.37 -6.48 3.14
CAR 0.0 1 0.0 0 0 0 0 1.5 1.9 4.1 49.26 7.99 -6.64 3.14
VAN 0.0 0 0.0 0 0 0 0 2.54 2.17 5.71 17.04 5.86 -6.64 3.14
CAR 0.0 1 0.0 0 0 0 0 1.51 1.9 4.1 58.53 6.25 -6.56 3.14
CAR 0.0 0 0.0 0 0 0 0 1.5 1.9 4.1 48.73 14.64 -7.16 3.14
PEDESTRIAN 0.0 1 0.0 0 0 0 0 1.75 0.73 0.85 39.78 -6.65 -6.48 3.14
CAR 0.0 0 0.0 0 0 0 0 1.5 1.8 4.31 26.64 11.14 -7.05 3.14
CAR 0.0 1 0.0 0 0 0 0 1.49 1.9 4.1 15.79 -30.56 -6.4 3.14
CAR 0.0 1 0.0 0 0 0 0 1.5 1.9 4.1 24.88 -22.3 -6.67 3.14
CAR 0.0 0 0.0 0 0 0 0 1.5 1.9 4.1 29.5 44.86 -8.32 3.14
