CAR 0.0 0 0.0 0 0 0 0 1.55 1.9 4.7 21.41 -26.25 -6.47 3.14
CAR 0.0 1 0.0 0 0 0 0 1.5 1.9 4.1 31.36 -28.35 -6.55 3.14
CAR 0.0 0 0.0 0 0 0 0 1.5 2.04 4.4 21.8 -33.46 -6.44 3.14
CAR 0.0 0 0.0 0 0 0 0 1.6 1.9 4.1 15.66 31.52 -7.45 3.14
CAR 0.0 1 0.0 0 0 0 0 1.5 1.9 4.1 16.81 37.5 -7.45 3.14
CAR 0.0 1 0.0 0 0 0 0 1.5 1.9 4.1 28.08 -26.96 -6.41 3.14
CAR 0.0 0 0.0 0 0 0 0 1.5 1.9 4.1 31.98 -35.39 -6.42 3.14
CAR 0.0 1 0.0 0 0 0 0 1.55 1.9 4.1 12.81 36.32 -7.63 3.14
CAR 0.0 0 0.0 0 0 0 0 1.65 1.87 4.1 11.51 29.81 -7.54 3.14
PEDESTRIAN 0.0 1 0.0 0 0 0 0 1.7 0.75 0.72 46.31 -19.44 -5.77 3.14
TRUCK 0.0 1 0.0 0 0 0 0 4.08 3.0 5.83 46.92 8.0 -4.99 3.14
PEDESTRIAN 0.0 0 0.0 0 0 0 0 1.84 0.74 1.06 11.19 -18.84 -6.55 3.14
CAR 0.0 1 0.0 0 0 0 0 1.5 1.9 4.1 15.25 49.0 -7.6 3.14
CAR 0.0 0 0.0 0 0 0 0 1.5 1.9 4.1 95.69 5.92 -6.01 3.14
TRAILER 0.0 1 0.0 0 0 0 0 4.15 3.0 11.0 52.16 8.78 -4.91 3.14
CAR 0.0 0 0.0 0 0 0 0 1.5 1.9 4.1 -52.05 2.38 -8.24 3.14
CAR 0.0 0 0.0 0 0 0 0 1.5 1.9 4.1 48.84 0.45 -6.69 3.14
PEDESTRIAN 0.0 0 0.0 0 0 0 0 1.7 0.7 0.79 49.82 39.7 -6.2 3.14
