CAR 0.0 0 0.0 0 0 0 0 1.55 1.9 4.7 21.4 -26.25 -6.47 3.14
CAR 0.0 1 0.0 0 0 0 0 1.5 1.9 4.1 31.36 -28.35 -6.55 3.14
CAR 0.0 0 0.0 0 0 0 0 1.5 2.04 4.4 21.69 -33.47 -6.44 3.14
CAR 0.0 0 0.0 0 0 0 0 1.6 1.9 4.1 15.64 31.52 -7.45 3.14
CAR 0.0 1 0.0 0 0 0 0 1.5 1.9 4.1 16.76 37.5 -7.45 3.14
CAR 0.0 1 0.0 0 0 0 0 1.5 1.9 4.1 28.06 -26.96 -6.41 3.14
CAR 0.0 0 0.0 0 0 0 0 1.5 1.9 4.1 32.0 -35.45 -6.42 3.14
CAR 0.0 1 0.0 0 0 0 0 1.55 1.9 4.1 12.81 36.3 -7.63 3.14
CAR 0.0 0 0.0 0 0 0 0 1.65 1.87 4.1 11.53 29.85 -7.54 3.14
PEDESTRIAN 0.0 1 0.0 0 0 0 0 1.7 0.75 0.72 44.36 -15.24 -5.77 3.14
TRUCK 0.0 1 0.0 0 0 0 0 4.08 3.0 5.83 46.95 7.99 -4.99 3.14
PEDESTRIAN 0.0 0 0.0 0 0 0 0 1.84 0.74 1.06 4.94 -19.01 -6.55 3.14
CAR 0.0 1 0.0 0 0 0 0 1.5 1.9 4.1 15.39 48.97 -7.6 3.14
TRAILER 0.0 1 0.0 0 0 0 0 4.15 3.0 11.0 52.05 8.77 -4.91 3.14
CAR 0.0 0 0.0 0 0 0 0 1.5 1.9 4.1 53.65 15.33 -6.1 3.14
CAR 0.0 0 0.0 0 0 0 0 1.5 1.73 4.1 -88.72 -6.99 -8.82 3.14
