CAR 0.0 0 0.0 0 0 0 0 1.55 1.9 4.7 21.41 -26.26 -6.47 3.14
CAR 0.0 1 0.0 0 0 0 0 1.5 1.9 4.1 31.34 -28.35 -6.55 3.14
CAR 0.0 0 0.0 0 0 0 0 1.5 2.04 4.4 21.82 -33.45 -6.44 3.14
CAR 0.0 0 0.0 0 0 0 0 1.6 1.9 4.1 15.69 31.53 -7.45 3.14
CAR 0.0 1 0.0 0 0 0 0 1.5 1.9 4.1 16.78 37.5 -7.45 3.14
CAR 0.0 1 0.0 0 0 0 0 1.5 1.9 4.1 28.08 -26.96 -6.41 3.14
CAR 0.0 0 0.0 0 0 0 0 1.5 1.9 4.1 31.99 -35.4 -6.42 3.14
CAR 0.0 1 0.0 0 0 0 0 1.55 1.9 4.1 12.8 36.31 -7.63 3.14
CAR 0.0 0 0.0 0 0 0 0 1.65 1.87 4.1 11.53 29.83 -7.54 3.14
PEDESTRIAN 0.0 1 0.0 0 0 0 0 1.7 0.75 0.72 47.22 -20.97 -5.77 3.14
TRUCK 0.0 1 0.0 0 0 0 0 4.08 3.0 5.83 46.94 8.01 -4.99 3.14
PEDESTRIAN 0.0 0 0.0 0 0 0 0 1.84 0.74 1.06 13.5 -18.67 -6.55 3.14
CAR 0.0 1 0.0 0 0 0 0 1.5 1.9 4.1 15.33 49.12 -7.6 3.14
CAR 0.0 0 0.0 0 0 0 0 1.5 1.9 4.1 78.24 2.61 -6.01 3.14
TRAILER 0.0 1 0.0 0 0 0 0 4.15 3.0 11.0 52.08 8.8 -4.91 3.14
CAR 0.0 0 0.0 0 0 0 0 1.5 1.9 4.1 -125.22 6.7 -9.94 3.14
CAR 0.0 0 0.0 0 0 0 0 1.5 1.9 4.1 -36.88 2.82 -8.24 3.14
CAR 0.0 0 0.0 0 0 0 0 1.5 1.9 4.1 26.45 -2.53 -6.69 3.14
PEDESTRIAN 0.0 0 0.0 0 0 0 0 1.7 0.7 0.79 48.34 40.3 -6.21 3.14
