CAR 0.0 0 0.0 0 0 0 0 1.55 1.9 4.7 21.41 -26.22 -6.47 3.14
CAR 0.0 1 0.0 0 0 0 0 1.5 1.9 4.1 31.46 -28.39 -6.55 3.14
CAR 0.0 0 0.0 0 0 0 0 1.5 2.04 4.4 21.66 -33.45 -6.44 3.14
CAR 0.0 0 0.0 0 0 0 0 1.6 1.9 4.1 15.69 31.53 -7.45 3.14
CAR 0.0 1 0.0 0 0 0 0 1.5 1.9 4.1 16.84 37.5 -7.45 3.14
CAR 0.0 1 0.0 0 0 0 0 1.5 1.9 4.1 28.08 -26.95 -6.41 3.14
CAR 0.0 0 0.0 0 0 0 0 1.5 1.9 4.1 31.99 -35.47 -6.42 3.14
CAR 0.0 1 0.0 0 0 0 0 1.55 1.9 4.1 12.83 36.26 -7.63 3.14
CAR 0.0 0 0.0 0 0 0 0 1.65 1.87 4.1 11.57 29.82 -7.54 3.14
PEDESTRIAN 0.0 0 0.0 0 0 0 0 1.7 0.75 0.72 41.71 -10.11 -5.77 3.14
TRUCK 0.0 0 0.0 0 0 0 0 4.08 3.0 5.83 44.31 7.57 -4.99 3.14
CAR 0.0 1 0.0 0 0 0 0 1.5 1.9 4.1 15.29 48.98 -7.6 3.14
CAR 0.0 0 0.0 0 0 0 0 1.5 1.9 4.1 43.79 14.29 -6.1 3.14
CAR 0.0 0 0.0 0 0 0 0 1.5 1.73 4.1 -41.24 -8.12 -8.57 3.14
TRAILER 0.0 0 0.0 0 0 0 0 4.15 3.0 11.0 50.5 8.26 -4.89 3.14
PEDESTRIAN 0.0 0 0.0 0 0 0 0 1.7 0.7 0.79 57.59 36.53 -6.31 3.14
CAR 0.0 0 0.0 0 0 0 0 1.5 1.9 4.1 20.97 9.43 -6.86 3.14
