CAR 0.0 0 0.0 0 0 0 0 1.55 1.9 4.7 21.39 -26.24 -6.47 3.14
PEDESTRIAN 0.0 0 0.0 0 0 0 0 1.7 0.7 0.79 46.6 40.85 -6.21 3.14
CAR 0.0 1 0.0 0 0 0 0 1.5 1.9 4.1 31.36 -28.35 -6.55 3.14
CAR 0.0 0 0.0 0 0 0 0 1.5 2.04 4.4 21.75 -33.44 -6.44 3.14
CAR 0.0 0 0.0 0 0 0 0 1.6 1.9 4.1 15.66 31.54 -7.45 3.14
CAR 0.0 1 0.0 0 0 0 0 1.5 1.9 4.1 16.8 37.49 -7.45 3.14
CAR 0.0 1 0.0 0 0 0 0 1.5 1.9 4.1 28.08 -26.97 -6.41 3.14
CAR 0.0 0 0.0 0 0 0 0 1.5 1.9 4.1 32.02 -35.43 -6.42 3.14
CAR 0.0 1 0.0 0 0 0 0 1.55 1.9 4.1 12.8 36.3 -7.63 3.14
CAR 0.0 0 0.0 0 0 0 0 1.5 1.9 4.1 -86.83 5.88 -9.41 3.14
CAR 0.0 0 0.0 0 0 0 0 1.65 1.87 4.1 11.54 29.82 -7.54 3.14
PEDESTRIAN 0.0 0 0.0 0 0 0 0 1.7 0.75 0.72 47.7 -22.12 -5.77 3.14
TRUCK 0.0 1 0.0 0 0 0 0 4.08 3.0 5.83 47.03 8.0 -4.99 3.14
PEDESTRIAN 0.0 0 0.0 0 0 0 0 1.84 0.74 1.06 14.99 -18.58 -6.55 3.14
CAR 0.0 1 0.0 0 0 0 0 1.5 1.9 4.1 15.44 49.64 -7.6 3.14
CAR 0.0 0 0.0 0 0 0 0 1.5 1.9 4.1 66.7 0.75 -6.01 3.14
CAR 0.0 0 0.0 0 0 0 0 1.5 1.9 4.1 -22.43 4.17 -8.08 3.14
TRAILER 0.0 1 0.0 0 0 0 0 4.15 3.0 11.0 52.17 8.69 -4.91 3.14
CAR 0.0 0 0.0 0 0 0 0 1.5 1.9 4.1 -125.22 6.7 -9.94 3.14
