CAR 0.0 0 0.0 0 0 0 0 1.55 1.9 4.7 21.42 -26.25 -6.47 3.14
CAR 0.0 1 0.0 0 0 0 0 1.5 1.9 4.1 31.36 -28.35 -6.55 3.14
CAR 0.0 0 0.0 0 0 0 0 1.5 2.04 4.4 21.78 -33.45 -6.44 3.14
CAR 0.0 0 0.0 0 0 0 0 1.6 1.9 4.1 15.63 31.51 -7.45 3.14
CAR 0.0 1 0.0 0 0 0 0 1.5 1.9 4.1 16.81 37.5 -7.45 3.14
CAR 0.0 1 0.0 0 0 0 0 1.5 1.9 4.1 28.09 -26.96 -6.41 3.14
CAR 0.0 0 0.0 0 0 0 0 1.5 1.9 4.1 31.97 -35.39 -6.42 3.14
CAR 0.0 1 0.0 0 0 0 0 1.55 1.9 4.1 12.79 36.31 -7.63 3.14
CAR 0.0 0 0.0 0 0 0 0 1.65 1.87 4.1 11.51 29.86 -7.54 3.14
PEDESTRIAN 0.0 1 0.0 0 0 0 0 1.7 0.75 0.72 43.48 -13.88 -5.77 3.14
TRUCK 0.0 1 0.0 0 0 0 0 4.08 3.0 5.83 46.98 8.01 -4.99 3.14
PEDESTRIAN 0.0 0 0.0 0 0 0 0 1.84 0.74 1.06 3.04 -19.13 -6.55 3.14
CAR 0.0 1 0.0 0 0 0 0 1.5 1.9 4.1 15.3 49.01 -7.6 3.14
CAR 0.0 0 0.0 0 0 0 0 1.5 1.9 4.1 48.0 14.75 -6.1 3.14
CAR 0.0 0 0.0 0 0 0 0 1.5 1.73 4.1 -69.39 -8.19 -8.57 3.14
TRAILER 0.0 1 0.0 0 0 0 0 4.15 3.0 11.0 52.09 8.77 -4.89 3.14
CAR 0.0 0 0.0 0 0 0 0 1.5 1.9 4.1 -107.78 4.08 -9.7 3.14
