CAR 0.0 0 0.0 0 0 0 0 1.55 1.9 4.7 21.39 -26.26 -6.47 3.14
CAR 0.0 1 0.0 0 0 0 0 1.5 1.9 4.1 31.36 -28.35 -6.55 3.14
CAR 0.0 0 0.0 0 0 0 0 1.5 2.04 4.4 21.73 -33.47 -6.44 3.14
CAR 0.0 0 0.0 0 0 0 0 1.6 1.9 4.1 15.64 31.51 -7.45 3.14
CAR 0.0 1 0.0 0 0 0 0 1.5 1.9 4.1 16.83 37.48 -7.45 3.14
CAR 0.0 1 0.0 0 0 0 0 1.5 1.9 4.1 28.09 -26.98 -6.41 3.14
CAR 0.0 0 0.0 0 0 0 0 1.5 1.9 4.1 32.02 -35.39 -6.42 3.14
CAR 0.0 1 0.0 0 0 0 0 1.55 1.9 4.1 12.79 36.31 -7.63 3.14
CAR 0.0 0 0.0 0 0 0 0 1.65 1.87 4.1 11.49 29.85 -7.54 3.14
PEDESTRIAN 0.0 0 0.0 0 0 0 0 1.7 0.75 0.72 45.56 -18.22 -5.77 3.14
TRUCK 0.0 1 0.0 0 0 0 0 4.08 3.0 5.83 46.96 8.0 -4.99 3.14
PEDESTRIAN 0.0 0 0.0 0 0 0 0 1.84 0.74 1.06 9.29 -18.91 -6.55 3.14
CAR 0.0 1 0.0 0 0 0 0 1.5 1.9 4.1 15.28 48.98 -7.6 3.14
TRAILER 0.0 1 0.0 0 0 0 0 4.15 3.0 11.0 52.16 8.76 -4.91 3.14
CAR 0.0 0 0.0 0 0 0 0 1.5 1.9 4.1 -63.44 2.31 -8.24 3.14
CAR 0.0 0 0.0 0 0 0 0 1.5 1.9 4.1 67.15 3.2 -6.69 3.14
PEDESTRIAN 0.0 0 0.0 0 0 0 0 1.7 0.7 0.79 50.91 39.19 -6.2 3.14
CAR 0.0 0 0.0 0 0 0 0 1.5 1.9 4.1 67.16 15.7 -6.1 3.14
