CAR 0.0 0 0.0 0 0 0 0 1.55 1.9 4.7 21.41 -26.26 -6.47 3.14
CAR 0.0 1 0.0 0 0 0 0 1.5 1.9 4.1 31.36 -28.35 -6.55 3.14
CAR 0.0 0 0.0 0 0 0 0 1.5 2.04 4.4 21.65 -33.46 -6.44 3.14
CAR 0.0 0 0.0 0 0 0 0 1.6 1.9 4.1 15.67 31.51 -7.45 3.14
CAR 0.0 1 0.0 0 0 0 0 1.5 1.9 4.1 16.81 37.46 -7.45 3.14
CAR 0.0 1 0.0 0 0 0 0 1.5 1.9 4.1 28.05 -26.95 -6.41 3.14
CAR 0.0 0 0.0 0 0 0 0 1.5 1.9 4.1 31.98 -35.35 -6.42 3.14
CAR 0.0 1 0.0 0 0 0 0 1.55 1.9 4.1 12.8 36.3 -7.63 3.14
CAR 0.0 0 0.0 0 0 0 0 1.65 1.87 4.1 11.48 29.85 -7.54 3.14
PEDESTRIAN 0.0 1 0.0 0 0 0 0 1.7 0.75 0.72 44.54 -15.6 -5.77 3.14
TRUCK 0.0 1 0.0 0 0 0 0 4.08 3.0 5.83 46.95 8.01 -4.99 3.14
PEDESTRIAN 0.0 0 0.0 0 0 0 0 1.84 0.74 1.06 5.58 -19.06 -6.55 3.14
CAR 0.0 1 0.0 0 0 0 0 1.5 1.9 4.1 15.38 48.98 -7.6 3.14
TRAILER 0.0 1 0.0 0 0 0 0 4.15 3.0 11.0 52.06 8.77 -4.91 3.14
CAR 0.0 0 0.0 0 0 0 0 1.5 1.9 4.1 103.06 8.62 -6.69 3.14
PEDESTRIAN 0.0 0 0.0 0 0 0 0 1.7 0.7 0.79 53.02 38.16 -6.2 3.14
CAR 0.0 0 0.0 0 0 0 0 1.5 1.9 4.1 55.16 15.48 -6.1 3.14
CAR 0.0 0 0.0 0 0 0 0 1.5 1.73 4.1 -88.72 -6.99 -8.82 3.14
