CAR 0.0 0 0.0 0 0 0 0 1.55 1.9 4.7 21.4 -26.17 -6.47 3.14
CAR 0.0 1 0.0 0 0 0 0 1.5 1.9 4.1 31.41 -28.41 -6.55 3.14
CAR 0.0 0 0.0 0 0 0 0 1.5 2.04 4.4 21.67 -33.42 -6.44 3.14
CAR 0.0 0 0.0 0 0 0 0 1.6 1.9 4.1 15.7 31.53 -7.45 3.14
CAR 0.0 1 0.0 0 0 0 0 1.5 1.9 4.1 16.87 37.49 -7.45 3.14
CAR 0.0 1 0.0 0 0 0 0 1.5 1.9 4.1 28.1 -26.95 -6.41 3.14
CAR 0.0 0 0.0 0 0 0 0 1.5 1.9 4.1 31.89 -35.48 -6.42 3.14
CAR 0.0 1 0.0 0 0 0 0 1.55 1.9 4.1 12.87 36.3 -7.63 3.14
CAR 0.0 0 0.0 0 0 0 0 1.65 1.87 4.1 11.6 29.81 -7.54 3.14
PEDESTRIAN 0.0 0 0.0 0 0 0 0 1.73 0.7 0.72 41.46 -9.26 -5.96 3.14
TRUCK 0.0 0 0.0 0 0 0 0 4.08 3.0 5.83 41.32 7.31 -4.99 3.14
CAR 0.0 1 0.0 0 0 0 0 1.5 1.9 4.1 15.3 48.97 -7.6 3.14
CAR 0.0 0 0.0 0 0 0 0 1.5 1.9 4.1 43.92 14.19 -6.1 3.14
TRAILER 0.0 0 0.0 0 0 0 0 4.15 3.0 11.0 48.07 7.94 -4.89 3.14
CAR 0.0 0 0.0 0 0 0 0 1.5 1.9 4.1 25.05 18.08 -6.86 3.14
CAR 0.0 0 0.0 0 0 0 0 1.5 1.9 4.1 53.6 12.1 -6.24 3.14
