CAR 0.0 0 0.0 0 0 0 0 1.55 1.9 4.7 21.44 -26.2 -6.47 3.14
CAR 0.0 1 0.0 0 0 0 0 1.5 1.9 4.1 31.49 -28.34 -6.55 3.14
CAR 0.0 0 0.0 0 0 0 0 1.5 2.04 4.4 21.67 -33.46 -6.44 3.14
CAR 0.0 0 0.0 0 0 0 0 1.6 1.9 4.1 15.78 31.52 -7.45 3.14
CAR 0.0 1 0.0 0 0 0 0 1.5 1.9 4.1 16.81 37.5 -7.45 3.14
CAR 0.0 1 0.0 0 0 0 0 1.5 1.9 4.1 28.08 -26.98 -6.41 3.14
CAR 0.0 0 0.0 0 0 0 0 1.5 1.9 4.1 32.0 -35.5 -6.42 3.14
CAR 0.0 1 0.0 0 0 0 0 1.55 1.9 4.1 12.85 36.31 -7.63 3.14
CAR 0.0 0 0.0 0 0 0 0 1.65 1.87 4.1 11.61 29.81 -7.54 3.14
PEDESTRIAN 0.0 0 0.0 0 0 0 0 1.73 0.7 0.72 41.46 -9.26 -5.96 3.14
TRUCK 0.0 0 0.0 0 0 0 0 4.08 3.0 5.83 39.41 7.16 -4.99 3.14
CAR 0.0 1 0.0 0 0 0 0 1.5 1.9 4.1 15.2 48.96 -7.6 3.14
CAR 0.0 0 0.0 0 0 0 0 1.5 1.9 4.1 43.9 14.17 -6.1 3.14
TRAILER 0.0 0 0.0 0 0 0 0 4.15 3.0 11.0 46.1 7.83 -4.89 3.14
CAR 0.0 1 0.0 0 0 0 0 1.5 1.9 4.1 26.21 23.05 -6.86 3.14
CAR 0.0 0 0.0 0 0 0 0 1.5 1.9 4.1 51.16 11.76 -6.24 3.14
