CAR 0.0 0 0.0 0 0 0 0 1.55 1.9 4.7 21.39 -26.2 -6.47 3.14
CAR 0.0 1 0.0 0 0 0 0 1.5 1.9 4.1 31.48 -28.37 -6.55 3.14
CAR 0.0 0 0.0 0 0 0 0 1.5 2.04 4.4 21.66 -33.42 -6.44 3.14
CAR 0.0 0 0.0 0 0 0 0 1.6 1.9 4.1 15.77 31.51 -7.45 3.14
CAR 0.0 1 0.0 0 0 0 0 1.5 1.9 4.1 16.85 37.49 -7.45 3.14
CAR 0.0 1 0.0 0 0 0 0 1.5 1.9 4.1 28.08 -26.96 -6.41 3.14
CAR 0.0 0 0.0 0 0 0 0 1.5 1.9 4.1 31.99 -35.49 -6.42 3.14
CAR 0.0 1 0.0 0 0 0 0 1.55 1.9 4.1 12.85 36.29 -7.63 3.14
CAR 0.0 0 0.0 0 0 0 0 1.65 1.87 4.1 11.6 29.83 -7.54 3.14
PEDESTRIAN 0.0 1 0.0 0 0 0 0 1.73 0.7 0.72 41.29 -8.84 -5.95 3.14
TRUCK 0.0 0 0.0 0 0 0 0 4.08 3.0 5.83 36.81 6.9 -4.99 3.14
CAR 0.0 1 0.0 0 0 0 0 1.5 1.9 4.1 15.1 48.92 -7.6 3.14
CAR 0.0 0 0.0 0 0 0 0 1.5 1.9 4.1 43.96 14.18 -6.1 3.14
TRAILER 0.0 0 0.0 0 0 0 0 4.15 3.0 11.0 43.59 7.61 -4.89 3.14
CAR 0.0 0 0.0 0 0 0 0 1.5 1.9 4.1 27.21 30.84 -6.86 3.14
CAR 0.0 0 0.0 0 0 0 0 1.5 1.9 4.1 48.0 11.35 -6.24 3.14
