CAR 0.0 0 0.0 0 0 0 0 1.55 1.9 4.7 21.4 -26.19 -6.47 3.14
CAR 0.0 1 0.0 0 0 0 0 1.5 1.9 4.1 31.43 -28.38 -6.55 3.14
CAR 0.0 0 0.0 0 0 0 0 1.5 2.04 4.4 21.63 -33.41 -6.44 3.14
CAR 0.0 0 0.0 0 0 0 0 1.6 1.9 4.1 15.76 31.54 -7.45 3.14
CAR 0.0 1 0.0 0 0 0 0 1.5 1.9 4.1 16.9 37.48 -7.45 3.14
CAR 0.0 1 0.0 0 0 0 0 1.5 1.9 4.1 28.08 -26.95 -6.41 3.14
CAR 0.0 0 0.0 0 0 0 0 1.5 1.9 4.1 31.92 -35.53 -6.42 3.14
CAR 0.0 1 0.0 0 0 0 0 1.55 1.9 4.1 12.84 36.29 -7.63 3.14
CAR 0.0 0 0.0 0 0 0 0 1.65 1.87 4.1 11.6 29.81 -7.54 3.14
PEDESTRIAN 0.0 0 0.0 0 0 0 0 1.73 0.7 0.72 41.46 -9.26 -5.96 3.14
TRUCK 0.0 0 0.0 0 0 0 0 4.08 3.0 5.83 40.96 7.26 -4.99 3.14
CAR 0.0 1 0.0 0 0 0 0 1.5 1.9 4.1 15.29 48.97 -7.6 3.14
CAR 0.0 0 0.0 0 0 0 0 1.5 1.9 4.1 43.93 14.19 -6.1 3.14
TRAILER 0.0 0 0.0 0 0 0 0 4.15 3.0 11.0 47.71 7.9 -4.89 3.14
CAR 0.0 0 0.0 0 0 0 0 1.5 1.9 4.1 25.32 19.0 -6.86 3.14
CAR 0.0 0 0.0 0 0 0 0 1.5 1.9 4.1 53.03 12.04 -6.24 3.14
