CAR 0.0 0 0.0 0 0 0 0 1.55 1.9 4.7 21.4 -26.25 -6.47 3.14
CAR 0.0 1 0.0 0 0 0 0 1.5 1.9 4.1 31.35 -28.35 -6.55 3.14
CAR 0.0 0 0.0 0 0 0 0 1.5 2.04 4.4 21.74 -33.45 -6.44 3.14
CAR 0.0 0 0.0 0 0 0 0 1.6 1.9 4.1 15.67 31.52 -7.45 3.14
CAR 0.0 1 0.0 0 0 0 0 1.5 1.9 4.1 16.82 37.49 -7.45 3.14
CAR 0.0 1 0.0 0 0 0 0 1.5 1.9 4.1 28.08 -26.97 -6.41 3.14
CAR 0.0 0 0.0 0 0 0 0 1.5 1.9 4.1 32.06 -35.45 -6.42 3.14
CAR 0.0 1 0.0 0 0 0 0 1.55 1.9 4.1 12.81 36.24 -7.63 3.14
CAR 0.0 0 0.0 0 0 0 0 1.65 1.87 4.1 11.52 29.84 -7.54 3.14
PEDESTRIAN 0.0 2 0.0 0 0 0 0 1.7 0.75 0.72 46.47 -19.76 -5.77 3.14
TRUCK 0.0 1 0.0 0 0 0 0 4.08 3.0 5.83 46.97 8.01 -4.99 3.14
PEDESTRIAN 0.0 0 0.0 0 0 0 0 1.84 0.74 1.06 11.83 -18.79 -6.55 3.14
CAR 0.0 1 0.0 0 0 0 0 1.5 1.9 4.1 15.28 48.98 -7.6 3.14
CAR 0.0 0 0.0 0 0 0 0 1.5 1.9 4.1 91.15 4.96 -6.01 3.14
TRAILER 0.0 1 0.0 0 0 0 0 4.15 3.0 11.0 52.18 8.79 -4.91 3.14
CAR 0.0 0 0.0 0 0 0 0 1.5 1.9 4.1 -48.17 2.21 -8.24 3.14
CAR 0.0 0 0.0 0 0 0 0 1.5 1.9 4.1 43.29 -0.47 -6.69 3.14
PEDESTRIAN 0.0 0 0.0 0 0 0 0 1.7 0.7 0.79 49.58 39.98 -6.2 3.14
