CAR 0.0 0 0.0 0 0 0 0 1.55 1.9 4.7 21.41 -26.27 -6.47 3.14
PEDESTRIAN 0.0 0 0.0 0 0 0 0 1.7 0.7 0.79 46.98 40.85 -6.21 3.14
CAR 0.0 1 0.0 0 0 0 0 1.5 1.9 4.1 31.36 -28.35 -6.55 3.14
CAR 0.0 0 0.0 0 0 0 0 1.5 2.04 4.4 21.67 -33.52 -6.44 3.14
CAR 0.0 0 0.0 0 0 0 0 1.6 1.9 4.1 15.68 31.51 -7.45 3.14
CAR 0.0 1 0.0 0 0 0 0 1.5 1.9 4.1 16.82 37.5 -7.45 3.14
CAR 0.0 1 0.0 0 0 0 0 1.5 1.9 4.1 28.05 -26.98 -6.41 3.14
CAR 0.0 0 0.0 0 0 0 0 1.5 1.9 4.1 32.0 -35.45 -6.42 3.14
CAR 0.0 1 0.0 0 0 0 0 1.55 1.9 4.1 12.8 36.33 -7.63 3.14
CAR 0.0 0 0.0 0 0 0 0 1.5 1.9 4.1 -86.83 5.88 -9.41 3.14
CAR 0.0 0 0.0 0 0 0 0 1.65 1.87 4.1 11.55 29.85 -7.54 3.14
PEDESTRIAN 0.0 0 0.0 0 0 0 0 1.7 0.75 0.72 48.22 -22.91 -5.77 3.14
TRUCK 0.0 1 0.0 0 0 0 0 4.08 3.0 5.83 46.91 7.98 -4.99 3.14
PEDESTRIAN 0.0 0 0.0 0 0 0 0 1.84 0.74 1.06 16.13 -18.39 -6.55 3.14
CAR 0.0 1 0.0 0 0 0 0 1.5 1.9 4.1 15.46 49.79 -7.6 3.14
