CAR 0.0 0 0.0 0 0 0 0 1.55 1.9 4.7 21.42 -26.24 -6.47 3.14
CAR 0.0 1 0.0 0 0 0 0 1.5 1.9 4.1 31.36 -28.35 -6.55 3.14
CAR 0.0 0 0.0 0 0 0 0 1.5 2.04 4.4 21.67 -33.42 -6.44 3.14
CAR 0.0 0 0.0 0 0 0 0 1.6 1.9 4.1 15.65 31.5 -7.45 3.14
CAR 0.0 1 0.0 0 0 0 0 1.5 1.9 4.1 16.81 37.49 -7.45 3.14
CAR 0.0 1 0.0 0 0 0 0 1.5 1.9 4.1 28.07 -26.95 -6.41 3.14
CAR 0.0 0 0.0 0 0 0 0 1.5 1.9 4.1 31.98 -35.38 -6.42 3.14
CAR 0.0 1 0.0 0 0 0 0 1.55 1.9 4.1 12.81 36.29 -7.63 3.14
CAR 0.0 0 0.0 0 0 0 0 1.65 1.87 4.1 11.5 29.87 -7.54 3.14
PEDESTRIAN 0.0 0 0.0 0 0 0 0 1.7 0.75 0.72 42.18 -11.79 -5.77 3.14
TRUCK 0.0 1 0.0 0 0 0 0 4.08 3.0 5.83 46.29 7.85 -4.99 3.14
CAR 0.0 1 0.0 0 0 0 0 1.5 1.9 4.1 15.33 49.0 -7.6 3.14
CAR 0.0 0 0.0 0 0 0 0 1.5 1.9 4.1 43.84 14.32 -6.1 3.14
CAR 0.0 0 0.0 0 0 0 0 1.5 1.73 4.1 -51.96 -8.34 -8.57 3.14
TRAILER 0.0 1 0.0 0 0 0 0 4.15 3.0 11.0 51.85 8.75 -4.89 3.14
PEDESTRIAN 0.0 0 0.0 0 0 0 0 1.7 0.7 0.79 55.98 37.22 -6.26 3.14
CAR 0.0 0 0.0 0 0 0 0 1.5 1.9 4.1 -137.43 10.46 -10.05 3.14
