CAR 0.0 0 0.0 0 0 0 0 1.55 1.9 4.7 21.4 -26.26 -6.47 3.14
CAR 0.0 1 0.0 0 0 0 0 1.5 1.9 4.1 31.36 -28.35 -6.55 3.14
CAR 0.0 0 0.0 0 0 0 0 1.5 2.04 4.4 21.65 -33.46 -6.44 3.14
CAR 0.0 0 0.0 0 0 0 0 1.6 1.9 4.1 15.69 31.49 -7.45 3.14
CAR 0.0 1 0.0 0 0 0 0 1.5 1.9 4.1 16.81 37.48 -7.45 3.14
CAR 0.0 1 0.0 0 0 0 0 1.5 1.9 4.1 28.11 -26.97 -6.41 3.14
CAR 0.0 0 0.0 0 0 0 0 1.5 1.9 4.1 32.01 -35.41 -6.42 3.14
CAR 0.0 1 0.0 0 0 0 0 1.55 1.9 4.1 12.8 36.3 -7.63 3.14
CAR 0.0 0 0.0 0 0 0 0 1.65 1.87 4.1 11.48 29.86 -7.54 3.14
PEDESTRIAN 0.0 0 0.0 0 0 0 0 1.7 0.75 0.72 45.48 -18.07 -5.77 3.14
TRUCK 0.0 1 0.0 0 0 0 0 4.08 3.0 5.83 46.95 8.0 -4.99 3.14
PEDESTRIAN 0.0 0 0.0 0 0 0 0 1.84 0.74 1.06 9.07 -18.87 -6.55 3.14
CAR 0.0 1 0.0 0 0 0 0 1.5 1.9 4.1 15.39 48.97 -7.6 3.14
TRAILER 0.0 1 0.0 0 0 0 0 4.15 3.0 11.0 52.16 8.76 -4.91 3.14
CAR 0.0 0 0.0 0 0 0 0 1.5 1.9 4.1 -64.7 2.29 -8.24 3.14
CAR 0.0 0 0.0 0 0 0 0 1.5 1.9 4.1 68.94 3.45 -6.69 3.14
PEDESTRIAN 0.0 0 0.0 0 0 0 0 1.7 0.7 0.79 50.99 39.15 -6.2 3.14
CAR 0.0 0 0.0 0 0 0 0 1.5 1.9 4.1 67.16 15.7 -6.1 3.14
