CAR 0.0 0 0.0 0 0 0 0 1.55 1.9 4.7 21.41 -26.27 -6.47 3.14
CAR 0.0 1 0.0 0 0 0 0 1.5 1.9 4.1 31.36 -28.35 -6.55 3.14
CAR 0.0 0 0.0 0 0 0 0 1.5 2.04 4.4 21.67 -33.45 -6.44 3.14
CAR 0.0 0 0.0 0 0 0 0 1.6 1.9 4.1 15.65 31.52 -7.45 3.14
CAR 0.0 1 0.0 0 0 0 0 1.5 1.9 4.1 16.84 37.5 -7.45 3.14
CAR 0.0 1 0.0 0 0 0 0 1.5 1.9 4.1 28.05 -26.96 -6.41 3.14
CAR 0.0 0 0.0 0 0 0 0 1.5 1.9 4.1 31.98 -35.5 -6.42 3.14
CAR 0.0 1 0.0 0 0 0 0 1.55 1.9 4.1 12.81 36.32 -7.63 3.14
CAR 0.0 0 0.0 0 0 0 0 1.65 1.87 4.1 11.53 29.82 -7.54 3.14
PEDESTRIAN 0.0 0 0.0 0 0 0 0 1.7 0.75 0.72 42.91 -13.28 -5.77 3.14
TRUCK 0.0 1 0.0 0 0 0 0 4.08 3.0 5.83 46.9 8.0 -4.99 3.14
PEDESTRIAN 0.0 0 0.0 0 0 0 0 1.84 0.74 1.06 2.14 -19.11 -6.55 3.14
CAR 0.0 1 0.0 0 0 0 0 1.5 1.9 4.1 15.29 49.0 -7.6 3.14
CAR 0.0 0 0.0 0 0 0 0 1.5 1.9 4.1 45.89 14.62 -6.1 3.14
CAR 0.0 0 0.0 0 0 0 0 1.5 1.73 4.1 -62.8 -8.18 -8.57 3.14
TRAILER 0.0 1 0.0 0 0 0 0 4.15 3.0 11.0 52.09 8.74 -4.89 3.14
PEDESTRIAN 0.0 1 0.0 0 0 0 0 1.7 0.7 0.79 54.94 37.49 -6.31 3.14
CAR 0.0 0 0.0 0 0 0 0 1.5 1.9 4.1 -115.97 5.36 -9.84 3.14
