CAR 0.0 0 0.0 0 0 0 0 1.55 1.9 4.7 21.42 -26.2 -6.47 3.14
CAR 0.0 1 0.0 0 0 0 0 1.5 1.9 4.1 31.45 -28.4 -6.55 3.14
CAR 0.0 0 0.0 0 0 0 0 1.5 2.04 4.4 21.73 -33.44 -6.44 3.14
CAR 0.0 0 0.0 0 0 0 0 1.6 1.9 4.1 15.74 31.49 -7.45 3.14
CAR 0.0 1 0.0 0 0 0 0 1.5 1.9 4.1 16.83 37.5 -7.45 3.14
CAR 0.0 1 0.0 0 0 0 0 1.5 1.9 4.1 28.07 -26.92 -6.41 3.14
CAR 0.0 0 0.0 0 0 0 0 1.5 1.9 4.1 31.98 -35.45 -6.42 3.14
CAR 0.0 1 0.0 0 0 0 0 1.55 1.9 4.1 12.83 36.27 -7.63 3.14
CAR 0.0 0 0.0 0 0 0 0 1.65 1.87 4.1 11.6 29.8 -7.54 3.14
PEDESTRIAN 0.0 1 0.0 0 0 0 0 1.73 0.7 0.72 41.29 -8.84 -5.95 3.14
TRUCK 0.0 0 0.0 0 0 0 0 4.08 3.0 5.83 37.96 7.05 -4.99 3.14
CAR 0.0 1 0.0 0 0 0 0 1.5 1.9 4.1 15.21 48.93 -7.6 3.14
CAR 0.0 0 0.0 0 0 0 0 1.5 1.9 4.1 43.95 14.2 -6.1 3.14
TRAILER 0.0 0 0.0 0 0 0 0 4.15 3.0 11.0 44.78 7.67 -4.89 3.14
CAR 0.0 1 0.0 0 0 0 0 1.5 1.9 4.1 26.76 27.13 -6.86 3.14
CAR 0.0 0 0.0 0 0 0 0 1.5 1.9 4.1 49.39 11.54 -6.24 3.14
