CAR 0.0 0 0.0 0 0 0 0 1.55 1.9 4.7 21.42 -26.26 -6.47 3.14
CAR 0.0 1 0.0 0 0 0 0 1.5 1.9 4.1 31.36 -28.35 -6.55 3.14
CAR 0.0 0 0.0 0 0 0 0 1.5 2.04 4.4 21.81 -33.44 -6.44 3.14
CAR 0.0 0 0.0 0 0 0 0 1.6 1.9 4.1 15.64 31.5 -7.45 3.14
CAR 0.0 1 0.0 0 0 0 0 1.5 1.9 4.1 16.82 37.49 -7.45 3.14
CAR 0.0 1 0.0 0 0 0 0 1.5 1.9 4.1 28.07 -26.96 -6.41 3.14
CAR 0.0 0 0.0 0 0 0 0 1.5 1.9 4.1 32.01 -35.46 -6.42 3.14
CAR 0.0 1 0.0 0 0 0 0 1.55 1.9 4.1 12.82 36.27 -7.63 3.14
CAR 0.0 0 0.0 0 0 0 0 1.65 1.87 4.1 11.49 29.86 -7.54 3.14
PEDESTRIAN 0.0 0 0.0 0 0 0 0 1.7 0.75 0.72 43.94 -14.53 -5.77 3.14
TRUCK 0.0 1 0.0 0 0 0 0 4.08 3.0 5.83 46.98 8.01 -4.99 3.14
PEDESTRIAN 0.0 0 0.0 0 0 0 0 1.84 0.74 1.06 4.08 -19.1 -6.55 3.14
CAR 0.0 1 0.0 0 0 0 0 1.5 1.9 4.1 15.33 48.99 -7.6 3.14
CAR 0.0 0 0.0 0 0 0 0 1.5 1.9 4.1 50.7 15.1 -6.1 3.14
CAR 0.0 0 0.0 0 0 0 0 1.5 1.73 4.1 -76.3 -7.99 -8.57 3.14
TRAILER 0.0 1 0.0 0 0 0 0 4.15 3.0 11.0 52.13 8.77 -4.89 3.14
