CAR 0.0 0 0.0 0 0 0 0 1.55 1.9 4.7 21.42 -26.25 -6.47 3.14
PEDESTRIAN 0.0 0 0.0 0 0 0 0 1.7 0.7 0.79 46.6 40.85 -6.21 3.14
CAR 0.0 1 0.0 0 0 0 0 1.5 1.9 4.1 31.36 -28.35 -6.55 3.14
CAR 0.0 0 0.0 0 0 0 0 1.5 2.04 4.4 21.67 -33.48 -6.44 3.14
CAR 0.0 0 0.0 0 0 0 0 1.6 1.9 4.1 15.69 31.51 -7.45 3.14
CAR 0.0 1 0.0 0 0 0 0 1.5 1.9 4.1 16.74 37.49 -7.45 3.14
CAR 0.0 1 0.0 0 0 0 0 1.5 1.9 4.1 28.1 -26.96 -6.41 3.14
CAR 0.0 0 0.0 0 0 0 0 1.5 1.9 4.1 32.0 -35.39 -6.42 3.14
CAR 0.0 1 0.0 0 0 0 0 1.55 1.9 4.1 12.82 36.36 -7.63 3.14
CAR 0.0 0 0.0 0 0 0 0 1.5 1.9 4.1 -86.83 5.88 -9.41 3.14
CAR 0.0 0 0.0 0 0 0 0 1.65 1.87 4.1 11.49 29.87 -7.54 3.14
PEDESTRIAN 0.0 0 0.0 0 0 0 0 1.7 0.75 0.72 48.18 -22.86 -5.77 3.14
TRUCK 0.0 1 0.0 0 0 0 0 4.08 3.0 5.83 47.03 7.99 -4.99 3.14
PEDESTRIAN 0.0 0 0.0 0 0 0 0 1.84 0.74 1.06 15.97 -18.38 -6.55 3.14
CAR 0.0 1 0.0 0 0 0 0 1.5 1.9 4.1 15.45 49.7 -7.6 3.14
CAR 0.0 0 0.0 0 0 0 0 1.5 1.9 4.1 59.35 -0.42 -6.01 3.14
