CAR 0.0 0 0.0 0 0 0 0 1.55 1.9 4.7 21.4 -26.26 -6.47 3.14
PEDESTRIAN 0.0 0 0.0 0 0 0 0 1.7 0.7 0.79 47.99 40.6 -6.21 3.14
CAR 0.0 1 0.0 0 0 0 0 1.5 1.9 4.1 31.36 -28.35 -6.55 3.14
CAR 0.0 0 0.0 0 0 0 0 1.5 2.04 4.4 21.73 -33.44 -6.44 3.14
CAR 0.0 0 0.0 0 0 0 0 1.6 1.9 4.1 15.65 31.53 -7.45 3.14
CAR 0.0 1 0.0 0 0 0 0 1.5 1.9 4.1 16.79 37.48 -7.45 3.14
CAR 0.0 1 0.0 0 0 0 0 1.5 1.9 4.1 28.06 -26.96 -6.41 3.14
CAR 0.0 0 0.0 0 0 0 0 1.5 1.9 4.1 32.0 -35.43 -6.42 3.14
CAR 0.0 1 0.0 0 0 0 0 1.55 1.9 4.1 12.8 36.29 -7.63 3.14
CAR 0.0 0 0.0 0 0 0 0 1.65 1.87 4.1 11.51 29.84 -7.54 3.14
PEDESTRIAN 0.0 2 0.0 0 0 0 0 1.7 0.75 0.72 47.37 -21.73 -5.77 3.14
TRUCK 0.0 1 0.0 0 0 0 0 4.08 3.0 5.83 46.98 7.99 -4.99 3.14
PEDESTRIAN 0.0 0 0.0 0 0 0 0 1.84 0.74 1.06 14.23 -18.57 -6.55 3.14
CAR 0.0 1 0.0 0 0 0 0 1.5 1.9 4.1 15.38 49.31 -7.6 3.14
CAR 0.0 0 0.0 0 0 0 0 1.5 1.9 4.1 72.47 1.73 -6.01 3.14
CAR 0.0 0 0.0 0 0 0 0 1.5 1.9 4.1 -31.99 3.27 -8.24 3.14
TRAILER 0.0 1 0.0 0 0 0 0 4.15 3.0 11.0 52.15 8.66 -4.91 3.14
CAR 0.0 0 0.0 0 0 0 0 1.5 1.9 4.1 -125.22 6.7 -9.94 3.14
CAR 0.0 0 0.0 0 0 0 0 1.5 1.9 4.1 18.89 -3.61 -6.69 3.14
