CAR 0.0 0 0.0 0 0 0 0 1.55 1.9 4.7 21.43 -26.21 -6.47 3.14
CAR 0.0 1 0.0 0 0 0 0 1.5 1.9 4.1 31.41 -28.43 -6.55 3.14
CAR 0.0 0 0.0 0 0 0 0 1.5 2.04 4.4 21.68 -33.43 -6.44 3.14
CAR 0.0 0 0.0 0 0 0 0 1.6 1.9 4.1 15.74 31.54 -7.45 3.14
CAR 0.0 1 0.0 0 0 0 0 1.5 1.9 4.1 16.83 37.48 -7.45 3.14
CAR 0.0 1 0.0 0 0 0 0 1.5 1.9 4.1 28.09 -26.96 -6.41 3.14
CAR 0.0 0 0.0 0 0 0 0 1.5 1.9 4.1 31.97 -35.47 -6.42 3.14
CAR 0.0 1 0.0 0 0 0 0 1.55 1.9 4.1 12.78 36.28 -7.63 3.14
CAR 0.0 0 0.0 0 0 0 0 1.65 1.87 4.1 11.59 29.84 -7.54 3.14
TRUCK 0.0 1 0.0 0 0 0 0 4.08 3.0 5.83 23.53 -7.18 -4.99 3.14
CAR 0.0 1 0.0 0 0 0 0 1.5 1.9 4.1 15.1 48.69 -7.6 3.14
CAR 0.0 0 0.0 0 0 0 0 1.5 1.9 4.1 43.96 14.21 -6.1 3.14
TRAILER 0.0 0 0.0 0 0 0 0 4.15 3.0 11.0 24.31 -1.22 -4.89 3.14
PEDESTRIAN 0.0 1 0.0 0 0 0 0 1.73 0.7 0.72 41.33 -8.86 -5.95 3.14
VAN 0.0 0 0.0 0 0 0 0 2.0 2.2 6.0 22.32 -41.82 -6.09 3.14
VAN 0.0 0 0.0 0 0 0 0 2.01 2.2 5.98 55.2 8.67 -5.37 3.14
CAR 0.0 1 0.0 0 0 0 0 1.5 1.9 4.1 26.01 -42.97 -6.43 3.14
CAR 0.0 0 0.0 0 0 0 0 1.5 1.9 4.1 43.48 10.66 -6.42 3.14
