CAR 0.0 0 0.0 0 0 0 0 1.55 1.9 4.7 21.42 -26.2 -6.47 3.14
CAR 0.0 1 0.0 0 0 0 0 1.5 1.9 4.1 31.36 -28.39 -6.55 3.14
CAR 0.0 0 0.0 0 0 0 0 1.5 2.04 4.4 21.67 -33.43 -6.44 3.14
CAR 0.0 0 0.0 0 0 0 0 1.6 1.9 4.1 15.71 31.52 -7.45 3.14
CAR 0.0 1 0.0 0 0 0 0 1.5 1.9 4.1 16.84 37.49 -7.45 3.14
CAR 0.0 1 0.0 0 0 0 0 1.5 1.9 4.1 28.06 -26.97 -6.41 3.14
CAR 0.0 0 0.0 0 0 0 0 1.5 1.9 4.1 31.96 -35.48 -6.42 3.14
CAR 0.0 1 0.0 0 0 0 0 1.55 1.9 4.1 12.82 36.28 -7.63 3.14
CAR 0.0 0 0.0 0 0 0 0 1.65 1.87 4.1 11.57 29.79 -7.54 3.14
TRUCK 0.0 0 0.0 0 0 0 0 4.08 3.0 5.83 23.71 3.81 -4.99 3.14
CAR 0.0 1 0.0 0 0 0 0 1.5 1.9 4.1 15.13 48.9 -7.6 3.14
CAR 0.0 0 0.0 0 0 0 0 1.5 1.9 4.1 43.97 14.12 -6.1 3.14
TRAILER 0.0 0 0.0 0 0 0 0 4.15 3.0 11.0 30.02 5.65 -4.89 3.14
PEDESTRIAN 0.0 1 0.0 0 0 0 0 1.73 0.7 0.72 41.14 -8.78 -5.98 3.14
VAN 0.0 0 0.0 0 0 0 0 2.0 2.2 6.0 22.62 -48.61 -6.09 3.14
VAN 0.0 2 0.0 0 0 0 0 2.37 2.21 6.0 47.92 7.72 -5.72 3.14
VAN 0.0 0 0.0 0 0 0 0 2.01 2.2 5.98 67.97 10.14 -5.37 3.14
