CAR 0.0 0 0.0 0 0 0 0 1.55 1.9 4.7 21.42 -26.2 -6.47 3.14
CAR 0.0 1 0.0 0 0 0 0 1.5 1.9 4.1 31.46 -28.42 -6.55 3.14
CAR 0.0 0 0.0 0 0 0 0 1.5 2.04 4.4 21.65 -33.43 -6.44 3.14
CAR 0.0 0 0.0 0 0 0 0 1.6 1.9 4.1 15.76 31.53 -7.45 3.14
CAR 0.0 1 0.0 0 0 0 0 1.5 1.9 4.1 16.84 37.47 -7.45 3.14
CAR 0.0 1 0.0 0 0 0 0 1.5 1.9 4.1 28.08 -26.92 -6.41 3.14
CAR 0.0 0 0.0 0 0 0 0 1.5 1.9 4.1 31.99 -35.46 -6.42 3.14
CAR 0.0 1 0.0 0 0 0 0 1.55 1.9 4.1 12.84 36.27 -7.63 3.14
CAR 0.0 0 0.0 0 0 0 0 1.65 1.87 4.1 11.6 29.82 -7.54 3.14
TRUCK 0.0 0 0.0 0 0 0 0 4.08 3.0 5.83 30.84 6.34 -4.99 3.14
CAR 0.0 1 0.0 0 0 0 0 1.5 1.9 4.1 15.1 48.91 -7.6 3.14
CAR 0.0 0 0.0 0 0 0 0 1.5 1.9 4.1 43.94 14.15 -6.1 3.14
TRAILER 0.0 0 0.0 0 0 0 0 4.15 3.0 11.0 37.72 6.93 -4.89 3.14
CAR 0.0 1 0.0 0 0 0 0 1.5 1.9 4.1 28.51 52.05 -6.86 3.14
CAR 0.0 0 0.0 0 0 0 0 1.5 1.9 4.1 43.07 10.77 -6.24 3.14
PEDESTRIAN 0.0 1 0.0 0 0 0 0 1.73 0.7 0.72 41.32 -8.67 -5.95 3.14
