CAR 0.0 0 0.0 0 0 0 0 1.55 1.9 4.7 21.42 -26.24 -6.47 3.14
CAR 0.0 1 0.0 0 0 0 0 1.5 1.9 4.1 31.29 -28.4 -6.55 3.14
CAR 0.0 0 0.0 0 0 0 0 1.5 2.04 4.4 21.59 -33.36 -6.44 3.14
CAR 0.0 0 0.0 0 0 0 0 1.6 1.9 4.1 15.64 31.54 -7.45 3.14
CAR 0.0 1 0.0 0 0 0 0 1.5 1.9 4.1 16.82 37.43 -7.45 3.14
CAR 0.0 1 0.0 0 0 0 0 1.5 1.9 4.1 28.08 -26.9 -6.41 3.14
CAR 0.0 0 0.0 0 0 0 0 1.5 1.9 4.1 32.01 -35.37 -6.42 3.14
CAR 0.0 1 0.0 0 0 0 0 1.55 1.9 4.1 12.88 36.23 -7.63 3.14
CAR 0.0 0 0.0 0 0 0 0 1.65 1.87 4.1 11.57 29.81 -7.54 3.14
CAR 0.0 1 0.0 0 0 0 0 1.5 1.9 4.1 15.28 48.64 -7.6 3.14
CAR 0.0 0 0.0 0 0 0 0 1.5 1.9 4.1 43.95 14.2 -6.1 3.14
TRAILER 0.0 0 0.0 0 0 0 0 4.15 3.0 11.0 37.72 -5.19 -4.89 3.14
VAN 0.0 0 0.0 0 0 0 0 2.0 2.2 6.0 22.0 -40.58 -6.09 3.14
VAN 0.0 0 0.0 0 0 0 0 2.01 2.2 5.98 40.49 7.16 -5.37 3.14
CAR 0.0 1 0.0 0 0 0 0 1.5 1.9 4.1 25.03 -31.92 -6.43 3.14
CAR 0.0 1 0.0 0 0 0 0 1.5 1.9 4.1 43.4 10.95 -6.42 3.14
VAN 0.0 0 0.0 0 0 0 0 2.37 2.21 6.0 19.85 1.6 -6.1 3.14
CAR 0.0 1 0.0 0 0 0 0 1.5 1.9 4.1 25.39 -41.36 -6.38 3.14
CAR 0.0 0 0.0 0 0 0 0 1.5 1.9 4.45 29.23 6.05 -6.61 3.14
