CAR 0.0 0 0.0 0 0 0 0 1.55 1.9 4.7 21.43 -26.18 -6.47 3.14
CAR 0.0 1 0.0 0 0 0 0 1.5 1.9 4.1 31.31 -28.38 -6.55 3.14
CAR 0.0 0 0.0 0 0 0 0 1.5 2.04 4.4 21.6 -33.37 -6.44 3.14
CAR 0.0 0 0.0 0 0 0 0 1.6 1.9 4.1 15.67 31.54 -7.45 3.14
CAR 0.0 1 0.0 0 0 0 0 1.5 1.9 4.1 16.9 37.44 -7.45 3.14
CAR 0.0 1 0.0 0 0 0 0 1.5 1.9 4.1 28.08 -26.96 -6.41 3.14
CAR 0.0 0 0.0 0 0 0 0 1.5 1.9 4.1 31.98 -35.43 -6.42 3.14
CAR 0.0 1 0.0 0 0 0 0 1.55 1.9 4.1 12.87 36.23 -7.63 3.14
CAR 0.0 0 0.0 0 0 0 0 1.65 1.87 4.1 11.55 29.82 -7.54 3.14
TRUCK 0.0 1 0.0 0 0 0 0 4.08 3.0 5.83 26.09 -8.98 -4.99 3.14
CAR 0.0 1 0.0 0 0 0 0 1.5 1.9 4.1 15.27 48.66 -7.6 3.14
CAR 0.0 0 0.0 0 0 0 0 1.5 1.9 4.1 43.95 14.2 -6.1 3.14
TRAILER 0.0 0 0.0 0 0 0 0 4.15 3.0 11.0 24.75 -2.71 -4.89 3.14
PEDESTRIAN 0.0 1 0.0 0 0 0 0 1.73 0.7 0.72 41.32 -8.89 -5.95 3.14
VAN 0.0 0 0.0 0 0 0 0 2.0 2.2 6.0 21.94 -40.73 -6.09 3.14
VAN 0.0 1 0.0 0 0 0 0 2.01 2.2 5.98 51.88 8.28 -5.37 3.14
CAR 0.0 1 0.0 0 0 0 0 1.5 1.9 4.1 26.05 -40.58 -6.43 3.14
CAR 0.0 0 0.0 0 0 0 0 1.5 1.9 4.1 43.48 10.87 -6.42 3.14
VAN 0.0 0 0.0 0 0 0 0 2.37 2.21 6.0 34.59 6.55 -6.1 3.14
PEDESTRIAN 0.0 0 0.0 0 0 0 0 1.72 0.7 1.04 -20.04 -20.3 -7.67 3.14
