CAR 0.0 0 0.0 0 0 0 0 1.55 1.9 4.7 21.42 -26.23 -6.47 3.14
CAR 0.0 1 0.0 0 0 0 0 1.5 1.9 4.1 31.29 -28.43 -6.55 3.14
CAR 0.0 0 0.0 0 0 0 0 1.5 2.04 4.4 21.59 -33.35 -6.44 3.14
CAR 0.0 0 0.0 0 0 0 0 1.6 1.9 4.1 15.71 31.51 -7.45 3.14
CAR 0.0 1 0.0 0 0 0 0 1.5 1.9 4.1 16.82 37.44 -7.45 3.14
CAR 0.0 1 0.0 0 0 0 0 1.5 1.9 4.1 28.08 -26.96 -6.41 3.14
CAR 0.0 0 0.0 0 0 0 0 1.5 1.9 4.1 32.03 -35.41 -6.42 3.14
CAR 0.0 1 0.0 0 0 0 0 1.55 1.9 4.1 12.88 36.23 -7.63 3.14
CAR 0.0 0 0.0 0 0 0 0 1.65 1.87 4.1 11.58 29.81 -7.54 3.14
TRUCK 0.0 2 0.0 0 0 0 0 4.08 3.0 5.83 29.95 -9.13 -4.99 3.14
CAR 0.0 1 0.0 0 0 0 0 1.5 1.9 4.1 15.29 48.65 -7.6 3.14
CAR 0.0 0 0.0 0 0 0 0 1.5 1.9 4.1 43.92 14.2 -6.1 3.14
TRAILER 0.0 0 0.0 0 0 0 0 4.15 3.0 11.0 25.94 -4.11 -4.89 3.14
VAN 0.0 0 0.0 0 0 0 0 2.0 2.2 6.0 21.87 -40.65 -6.09 3.14
VAN 0.0 1 0.0 0 0 0 0 2.01 2.2 5.98 48.47 7.95 -5.37 3.14
CAR 0.0 1 0.0 0 0 0 0 1.5 1.9 4.1 25.48 -38.0 -6.43 3.14
CAR 0.0 1 0.0 0 0 0 0 1.5 1.9 4.1 43.38 10.97 -6.42 3.14
VAN 0.0 0 0.0 0 0 0 0 2.37 2.21 6.0 31.89 6.26 -6.1 3.14
PEDESTRIAN 0.0 0 0.0 0 0 0 0 1.72 0.7 1.04 -21.51 -20.36 -7.67 3.14
