CAR 0.0 0 0.0 0 0 0 0 1.55 1.9 4.7 21.42 -26.23 -6.47 3.14
CAR 0.0 1 0.0 0 0 0 0 1.5 1.9 4.1 31.29 -28.42 -6.55 3.14
CAR 0.0 0 0.0 0 0 0 0 1.5 2.04 4.4 21.59 -33.36 -6.44 3.14
CAR 0.0 0 0.0 0 0 0 0 1.6 1.9 4.1 15.68 31.52 -7.45 3.14
CAR 0.0 1 0.0 0 0 0 0 1.5 1.9 4.1 16.82 37.43 -7.45 3.14
CAR 0.0 1 0.0 0 0 0 0 1.5 1.9 4.1 28.09 -26.97 -6.41 3.14
CAR 0.0 0 0.0 0 0 0 0 1.5 1.9 4.1 31.97 -35.46 -6.42 3.14
CAR 0.0 1 0.0 0 0 0 0 1.55 1.9 4.1 12.88 36.23 -7.63 3.14
CAR 0.0 0 0.0 0 0 0 0 1.65 1.87 4.1 11.54 29.83 -7.54 3.14
CAR 0.0 1 0.0 0 0 0 0 1.5 1.9 4.1 15.28 48.64 -7.6 3.14
CAR 0.0 0 0.0 0 0 0 0 1.5 1.9 4.1 43.94 14.2 -6.1 3.14
TRAILER 0.0 0 0.0 0 0 0 0 4.15 3.0 11.0 39.89 -4.67 -4.89 3.14
VAN 0.0 0 0.0 0 0 0 0 2.0 2.2 6.0 22.01 -40.58 -6.09 3.14
VAN 0.0 0 0.0 0 0 0 0 2.01 2.2 5.98 39.38 7.02 -5.37 3.14
CAR 0.0 1 0.0 0 0 0 0 1.5 1.9 4.1 24.98 -31.28 -6.43 3.14
CAR 0.0 1 0.0 0 0 0 0 1.5 1.9 4.1 43.41 10.94 -6.42 3.14
VAN 0.0 0 0.0 0 0 0 0 2.37 2.21 6.0 18.54 0.2 -6.1 3.14
CAR 0.0 1 0.0 0 0 0 0 1.5 1.9 4.1 25.37 -40.59 -6.38 3.14
CAR 0.0 0 0.0 0 0 0 0 1.5 1.9 4.45 27.69 5.58 -6.61 3.14
