CAR 0.0 0 0.0 0 0 0 0 1.55 1.9 4.7 21.41 -26.22 -6.47 3.14
CAR 0.0 1 0.0 0 0 0 0 1.5 1.9 4.1 31.29 -28.41 -6.55 3.14
CAR 0.0 0 0.0 0 0 0 0 1.5 2.04 4.4 21.59 -33.36 -6.44 3.14
CAR 0.0 0 0.0 0 0 0 0 1.6 1.9 4.1 15.7 31.5 -7.45 3.14
CAR 0.0 1 0.0 0 0 0 0 1.5 1.9 4.1 16.82 37.43 -7.45 3.14
CAR 0.0 1 0.0 0 0 0 0 1.5 1.9 4.1 28.08 -26.96 -6.41 3.14
CAR 0.0 0 0.0 0 0 0 0 1.5 1.9 4.1 32.0 -35.46 -6.42 3.14
CAR 0.0 1 0.0 0 0 0 0 1.55 1.9 4.1 12.88 36.23 -7.63 3.14
CAR 0.0 0 0.0 0 0 0 0 1.65 1.87 4.1 11.54 29.84 -7.54 3.14
CAR 0.0 1 0.0 0 0 0 0 1.5 1.9 4.1 15.28 48.64 -7.6 3.14
CAR 0.0 0 0.0 0 0 0 0 1.5 1.9 4.1 43.96 14.21 -6.1 3.14
TRAILER 0.0 0 0.0 0 0 0 0 4.15 3.0 11.0 35.31 -5.57 -4.89 3.14
VAN 0.0 0 0.0 0 0 0 0 2.0 2.2 6.0 22.01 -40.59 -6.09 3.14
VAN 0.0 0 0.0 0 0 0 0 2.01 2.2 5.98 41.81 7.29 -5.37 3.14
CAR 0.0 1 0.0 0 0 0 0 1.5 1.9 4.1 25.01 -32.98 -6.43 3.14
CAR 0.0 1 0.0 0 0 0 0 1.5 1.9 4.1 43.43 10.95 -6.42 3.14
VAN 0.0 0 0.0 0 0 0 0 2.37 2.21 6.0 21.61 3.1 -6.1 3.14
CAR 0.0 1 0.0 0 0 0 0 1.5 1.9 4.1 25.43 -42.38 -6.38 3.14
CAR 0.0 0 0.0 0 0 0 0 1.5 1.9 4.45 31.35 6.77 -6.61 3.14
