CAR 0.0 0 0.0 0 0 0 0 1.55 1.9 4.7 21.43 -26.22 -6.47 3.14
CAR 0.0 1 0.0 0 0 0 0 1.5 1.9 4.1 31.29 -28.37 -6.55 3.14
CAR 0.0 0 0.0 0 0 0 0 1.5 2.04 4.4 21.59 -33.36 -6.44 3.14
CAR 0.0 0 0.0 0 0 0 0 1.6 1.9 4.1 15.65 31.54 -7.45 3.14
CAR 0.0 1 0.0 0 0 0 0 1.5 1.9 4.1 16.9 37.43 -7.45 3.14
CAR 0.0 1 0.0 0 0 0 0 1.5 1.9 4.1 28.08 -26.96 -6.41 3.14
CAR 0.0 0 0.0 0 0 0 0 1.5 1.9 4.1 31.99 -35.39 -6.42 3.14
CAR 0.0 1 0.0 0 0 0 0 1.55 1.9 4.1 12.88 36.23 -7.63 3.14
CAR 0.0 0 0.0 0 0 0 0 1.65 1.87 4.1 11.56 29.81 -7.54 3.14
TRUCK 0.0 1 0.0 0 0 0 0 4.08 3.0 5.83 26.93 -9.23 -4.99 3.14
CAR 0.0 1 0.0 0 0 0 0 1.5 1.9 4.1 15.29 48.65 -7.6 3.14
CAR 0.0 0 0.0 0 0 0 0 1.5 1.9 4.1 43.97 14.21 -6.1 3.14
TRAILER 0.0 0 0.0 0 0 0 0 4.15 3.0 11.0 24.95 -3.06 -4.89 3.14
VAN 0.0 0 0.0 0 0 0 0 2.0 2.2 6.0 21.88 -40.66 -6.09 3.14
VAN 0.0 1 0.0 0 0 0 0 2.01 2.2 5.98 51.1 8.21 -5.37 3.14
CAR 0.0 1 0.0 0 0 0 0 1.5 1.9 4.1 26.06 -39.84 -6.43 3.14
CAR 0.0 1 0.0 0 0 0 0 1.5 1.9 4.1 43.27 10.95 -6.42 3.14
VAN 0.0 0 0.0 0 0 0 0 2.37 2.21 6.0 34.0 6.53 -6.1 3.14
PEDESTRIAN 0.0 0 0.0 0 0 0 0 1.72 0.7 1.04 -20.32 -20.26 -7.67 3.14
