CAR 0.0 0 0.0 0 0 0 0 1.55 1.9 4.7 21.42 -26.18 -6.47 3.14
CAR 0.0 1 0.0 0 0 0 0 1.5 1.9 4.1 31.41 -28.44 -6.55 3.14
CAR 0.0 0 0.0 0 0 0 0 1.5 2.04 4.4 21.69 -33.44 -6.44 3.14
CAR 0.0 0 0.0 0 0 0 0 1.6 1.9 4.1 15.71 31.53 -7.45 3.14
CAR 0.0 1 0.0 0 0 0 0 1.5 1.9 4.1 16.79 37.5 -7.45 3.14
CAR 0.0 1 0.0 0 0 0 0 1.5 1.9 4.1 28.05 -26.97 -6.41 3.14
CAR 0.0 0 0.0 0 0 0 0 1.5 1.9 4.1 31.99 -35.47 -6.42 3.14
CAR 0.0 1 0.0 0 0 0 0 1.55 1.9 4.1 12.85 36.3 -7.63 3.14
CAR 0.0 0 0.0 0 0 0 0 1.65 1.87 4.1 11.62 29.81 -7.54 3.14
TRUCK 0.0 0 0.0 0 0 0 0 4.08 3.0 5.83 21.76 0.89 -4.99 3.14
CAR 0.0 1 0.0 0 0 0 0 1.5 1.9 4.1 15.08 48.91 -7.6 3.14
CAR 0.0 0 0.0 0 0 0 0 1.5 1.9 4.1 43.95 14.12 -6.1 3.14
TRAILER 0.0 0 0.0 0 0 0 0 4.15 3.0 11.0 27.19 4.44 -4.89 3.14
PEDESTRIAN 0.0 1 0.0 0 0 0 0 1.73 0.7 0.72 41.27 -8.81 -5.98 3.14
VAN 0.0 0 0.0 0 0 0 0 2.0 2.2 6.0 22.46 -45.25 -6.09 3.14
VAN 0.0 0 0.0 0 0 0 0 2.01 2.2 5.98 64.06 9.39 -5.37 3.14
CAR 0.0 1 0.0 0 0 0 0 1.5 1.9 4.1 42.91 10.32 -6.5 3.14
