CAR 0.0 0 0.0 0 0 0 0 1.55 1.9 4.7 21.42 -26.2 -6.47 3.14
CAR 0.0 1 0.0 0 0 0 0 1.5 1.9 4.1 31.41 -28.42 -6.55 3.14
CAR 0.0 0 0.0 0 0 0 0 1.5 2.04 4.4 21.69 -33.45 -6.44 3.14
CAR 0.0 0 0.0 0 0 0 0 1.6 1.9 4.1 15.67 31.55 -7.45 3.14
CAR 0.0 1 0.0 0 0 0 0 1.5 1.9 4.1 16.87 37.43 -7.45 3.14
CAR 0.0 1 0.0 0 0 0 0 1.5 1.9 4.1 28.09 -26.96 -6.41 3.14
CAR 0.0 0 0.0 0 0 0 0 1.5 1.9 4.1 31.94 -35.47 -6.42 3.14
CAR 0.0 1 0.0 0 0 0 0 1.55 1.9 4.1 12.91 36.29 -7.63 3.14
CAR 0.0 0 0.0 0 0 0 0 1.65 1.87 4.1 11.59 29.84 -7.54 3.14
TRUCK 0.0 1 0.0 0 0 0 0 4.08 3.0 5.83 21.24 -2.38 -4.99 3.14
CAR 0.0 1 0.0 0 0 0 0 1.5 1.9 4.1 14.97 48.77 -7.6 3.14
CAR 0.0 0 0.0 0 0 0 0 1.5 1.9 4.1 43.96 14.14 -6.1 3.14
TRAILER 0.0 0 0.0 0 0 0 0 4.15 3.0 11.0 25.31 2.44 -4.89 3.14
PEDESTRIAN 0.0 1 0.0 0 0 0 0 1.73 0.7 0.72 41.44 -8.75 -5.98 3.14
VAN 0.0 0 0.0 0 0 0 0 2.0 2.2 6.0 22.3 -43.32 -6.09 3.14
VAN 0.0 0 0.0 0 0 0 0 2.01 2.2 5.98 60.74 9.23 -5.37 3.14
