CAR 0.0 0 0.0 0 0 0 0 1.55 1.9 4.7 21.41 -26.23 -6.47 3.14
CAR 0.0 1 0.0 0 0 0 0 1.5 1.9 4.1 31.29 -28.41 -6.55 3.14
CAR 0.0 0 0.0 0 0 0 0 1.5 2.04 4.4 21.59 -33.31 -6.44 3.14
CAR 0.0 0 0.0 0 0 0 0 1.6 1.9 4.1 15.69 31.55 -7.45 3.14
CAR 0.0 1 0.0 0 0 0 0 1.5 1.9 4.1 16.82 37.44 -7.45 3.14
CAR 0.0 1 0.0 0 0 0 0 1.5 1.9 4.1 28.08 -26.96 -6.41 3.14
CAR 0.0 0 0.0 0 0 0 0 1.5 1.9 4.1 31.96 -35.43 -6.42 3.14
CAR 0.0 1 0.0 0 0 0 0 1.55 1.9 4.1 12.88 36.23 -7.63 3.14
CAR 0.0 0 0.0 0 0 0 0 1.65 1.87 4.1 11.56 29.82 -7.54 3.14
TRUCK 0.0 2 0.0 0 0 0 0 4.08 3.0 5.83 37.09 -6.16 -4.99 3.14
CAR 0.0 1 0.0 0 0 0 0 1.5 1.9 4.1 15.28 48.65 -7.6 3.14
CAR 0.0 0 0.0 0 0 0 0 1.5 1.9 4.1 43.95 14.2 -6.1 3.14
TRAILER 0.0 0 0.0 0 0 0 0 4.15 3.0 11.0 31.08 -5.31 -4.89 3.14
VAN 0.0 0 0.0 0 0 0 0 2.0 2.2 6.0 22.02 -40.61 -6.09 3.14
VAN 0.0 1 0.0 0 0 0 0 2.01 2.2 5.98 43.96 7.49 -5.37 3.14
CAR 0.0 1 0.0 0 0 0 0 1.5 1.9 4.1 25.27 -34.38 -6.43 3.14
CAR 0.0 1 0.0 0 0 0 0 1.5 1.9 4.1 43.34 10.93 -6.42 3.14
VAN 0.0 0 0.0 0 0 0 0 2.37 2.21 6.0 25.09 4.73 -6.1 3.14
PEDESTRIAN 0.0 0 0.0 0 0 0 0 1.72 0.7 1.04 -24.37 -20.81 -7.67 3.14
