CAR 0.0 0 0.0 0 0 0 0 1.55 1.9 4.7 21.42 -26.2 -6.47 3.14
CAR 0.0 1 0.0 0 0 0 0 1.5 1.9 4.1 31.4 -28.43 -6.55 3.14
CAR 0.0 0 0.0 0 0 0 0 1.5 2.04 4.4 21.69 -33.44 -6.44 3.14
CAR 0.0 0 0.0 0 0 0 0 1.6 1.9 4.1 15.75 31.5 -7.45 3.14
CAR 0.0 1 0.0 0 0 0 0 1.5 1.9 4.1 16.82 37.5 -7.45 3.14
CAR 0.0 1 0.0 0 0 0 0 1.5 1.9 4.1 28.13 -26.95 -6.41 3.14
CAR 0.0 0 0.0 0 0 0 0 1.5 1.9 4.1 31.99 -35.45 -6.42 3.14
CAR 0.0 1 0.0 0 0 0 0 1.55 1.9 4.1 12.86 36.3 -7.63 3.14
CAR 0.0 0 0.0 0 0 0 0 1.65 1.87 4.1 11.6 29.83 -7.54 3.14
TRUCK 0.0 0 0.0 0 0 0 0 4.08 3.0 5.83 33.77 6.64 -4.99 3.14
CAR 0.0 1 0.0 0 0 0 0 1.5 1.9 4.1 15.05 48.91 -7.6 3.14
CAR 0.0 0 0.0 0 0 0 0 1.5 1.9 4.1 43.95 14.11 -6.1 3.14
TRAILER 0.0 0 0.0 0 0 0 0 4.15 3.0 11.0 40.59 7.26 -4.89 3.14
CAR 0.0 0 0.0 0 0 0 0 1.5 1.9 4.1 27.9 40.76 -6.86 3.14
CAR 0.0 0 0.0 0 0 0 0 1.5 1.9 4.1 45.81 11.14 -6.24 3.14
PEDESTRIAN 0.0 1 0.0 0 0 0 0 1.73 0.7 0.72 41.22 -8.77 -5.95 3.14
