CAR 0.0 0 0.0 0 0 0 0 1.55 1.9 4.7 21.43 -26.18 -6.47 3.14
CAR 0.0 1 0.0 0 0 0 0 1.5 1.9 4.1 31.45 -28.39 -6.55 3.14
CAR 0.0 0 0.0 0 0 0 0 1.5 2.04 4.4 21.7 -33.45 -6.44 3.14
CAR 0.0 0 0.0 0 0 0 0 1.6 1.9 4.1 15.74 31.53 -7.45 3.14
CAR 0.0 1 0.0 0 0 0 0 1.5 1.9 4.1 16.84 37.46 -7.45 3.14
CAR 0.0 1 0.0 0 0 0 0 1.5 1.9 4.1 28.08 -26.96 -6.41 3.14
CAR 0.0 0 0.0 0 0 0 0 1.5 1.9 4.1 31.99 -35.45 -6.42 3.14
CAR 0.0 1 0.0 0 0 0 0 1.55 1.9 4.1 12.84 36.27 -7.63 3.14
CAR 0.0 0 0.0 0 0 0 0 1.65 1.87 4.1 11.57 29.84 -7.54 3.14
TRUCK 0.0 1 0.0 0 0 0 0 4.08 3.0 5.83 25.14 -8.33 -4.99 3.14
CAR 0.0 1 0.0 0 0 0 0 1.5 1.9 4.1 15.12 48.69 -7.6 3.14
CAR 0.0 0 0.0 0 0 0 0 1.5 1.9 4.1 43.93 14.14 -6.1 3.14
TRAILER 0.0 0 0.0 0 0 0 0 4.15 3.0 11.0 24.61 -2.35 -4.89 3.14
PEDESTRIAN 0.0 1 0.0 0 0 0 0 1.73 0.7 0.72 41.32 -8.88 -5.95 3.14
VAN 0.0 0 0.0 0 0 0 0 2.0 2.2 6.0 22.32 -41.65 -6.09 3.14
VAN 0.0 0 0.0 0 0 0 0 2.01 2.2 5.98 53.19 8.45 -5.37 3.14
CAR 0.0 1 0.0 0 0 0 0 1.5 1.9 4.1 26.04 -41.32 -6.43 3.14
CAR 0.0 0 0.0 0 0 0 0 1.5 1.9 4.1 43.5 10.56 -6.42 3.14
VAN 0.0 0 0.0 0 0 0 0 2.37 2.21 6.0 35.36 6.51 -6.1 3.14
