CAR 0.0 0 0.0 0 0 0 0 1.55 1.9 4.7 21.43 -26.23 -6.47 3.14
CAR 0.0 1 0.0 0 0 0 0 1.5 1.9 4.1 31.29 -28.42 -6.55 3.14
CAR 0.0 0 0.0 0 0 0 0 1.5 2.04 4.4 21.59 -33.27 -6.44 3.14
CAR 0.0 0 0.0 0 0 0 0 1.6 1.9 4.1 15.65 31.53 -7.45 3.14
CAR 0.0 1 0.0 0 0 0 0 1.5 1.9 4.1 16.85 37.44 -7.45 3.14
CAR 0.0 1 0.0 0 0 0 0 1.5 1.9 4.1 28.07 -26.97 -6.41 3.14
CAR 0.0 0 0.0 0 0 0 0 1.5 1.9 4.1 31.99 -35.42 -6.42 3.14
CAR 0.0 1 0.0 0 0 0 0 1.55 1.9 4.1 12.88 36.23 -7.63 3.14
CAR 0.0 0 0.0 0 0 0 0 1.65 1.87 4.1 11.58 29.82 -7.54 3.14
TRUCK 0.0 2 0.0 0 0 0 0 4.08 3.0 5.83 28.73 -9.04 -4.99 3.14
CAR 0.0 1 0.0 0 0 0 0 1.5 1.9 4.1 15.29 48.65 -7.6 3.14
CAR 0.0 0 0.0 0 0 0 0 1.5 1.9 4.1 43.96 14.2 -6.1 3.14
TRAILER 0.0 0 0.0 0 0 0 0 4.15 3.0 11.0 25.43 -3.46 -4.89 3.14
VAN 0.0 0 0.0 0 0 0 0 2.0 2.2 6.0 21.87 -40.68 -6.09 3.14
VAN 0.0 1 0.0 0 0 0 0 2.01 2.2 5.98 49.45 7.95 -5.37 3.14
CAR 0.0 1 0.0 0 0 0 0 1.5 1.9 4.1 25.55 -38.8 -6.43 3.14
CAR 0.0 1 0.0 0 0 0 0 1.5 1.9 4.1 43.33 10.95 -6.42 3.14
VAN 0.0 0 0.0 0 0 0 0 2.37 2.21 6.0 32.87 6.38 -6.1 3.14
PEDESTRIAN 0.0 0 0.0 0 0 0 0 1.72 0.7 1.04 -20.92 -20.29 -7.67 3.14
