CAR 0.0 0 0.0 0 0 0 0 1.55 1.9 4.7 21.4 -26.19 -6.47 3.14
CAR 0.0 1 0.0 0 0 0 0 1.5 1.9 4.1 31.54 -28.41 -6.55 3.14
CAR 0.0 0 0.0 0 0 0 0 1.5 2.04 4.4 21.69 -33.45 -6.44 3.14
CAR 0.0 0 0.0 0 0 0 0 1.6 1.9 4.1 15.71 31.5 -7.45 3.14
CAR 0.0 1 0.0 0 0 0 0 1.5 1.9 4.1 16.83 37.48 -7.45 3.14
CAR 0.0 1 0.0 0 0 0 0 1.5 1.9 4.1 28.05 -26.93 -6.41 3.14
CAR 0.0 0 0.0 0 0 0 0 1.5 1.9 4.1 31.93 -35.45 -6.42 3.14
CAR 0.0 1 0.0 0 0 0 0 1.55 1.9 4.1 12.86 36.28 -7.63 3.14
CAR 0.0 0 0.0 0 0 0 0 1.65 1.87 4.1 11.62 29.82 -7.54 3.14
TRUCK 0.0 0 0.0 0 0 0 0 4.08 3.0 5.83 22.37 2.19 -4.99 3.14
CAR 0.0 1 0.0 0 0 0 0 1.5 1.9 4.1 15.16 48.91 -7.6 3.14
CAR 0.0 0 0.0 0 0 0 0 1.5 1.9 4.1 43.97 14.11 -6.1 3.14
TRAILER 0.0 0 0.0 0 0 0 0 4.15 3.0 11.0 28.4 5.14 -4.89 3.14
PEDESTRIAN 0.0 1 0.0 0 0 0 0 1.73 0.7 0.72 41.26 -8.64 -5.98 3.14
VAN 0.0 0 0.0 0 0 0 0 2.0 2.2 6.0 22.44 -46.49 -6.09 3.14
VAN 0.0 2 0.0 0 0 0 0 2.37 2.21 6.0 46.28 7.61 -5.72 3.14
VAN 0.0 0 0.0 0 0 0 0 2.01 2.2 5.98 65.48 9.65 -5.37 3.14
CAR 0.0 1 0.0 0 0 0 0 1.5 1.9 4.1 43.1 10.44 -6.5 3.14
