CAR 0.0 0 0.0 0 0 0 0 1.55 1.9 4.7 21.43 -26.21 -6.47 3.14
CAR 0.0 1 0.0 0 0 0 0 1.5 1.9 4.1 31.43 -28.42 -6.55 3.14
CAR 0.0 0 0.0 0 0 0 0 1.5 2.04 4.4 21.69 -33.44 -6.44 3.14
CAR 0.0 0 0.0 0 0 0 0 1.6 1.9 4.1 15.74 31.52 -7.45 3.14
CAR 0.0 1 0.0 0 0 0 0 1.5 1.9 4.1 16.84 37.48 -7.45 3.14
CAR 0.0 1 0.0 0 0 0 0 1.5 1.9 4.1 28.12 -26.96 -6.41 3.14
CAR 0.0 0 0.0 0 0 0 0 1.5 1.9 4.1 31.96 -35.46 -6.42 3.14
CAR 0.0 1 0.0 0 0 0 0 1.55 1.9 4.1 12.85 36.26 -7.63 3.14
CAR 0.0 0 0.0 0 0 0 0 1.65 1.87 4.1 11.59 29.78 -7.54 3.14
TRUCK 0.0 0 0.0 0 0 0 0 4.08 3.0 5.83 33.07 6.51 -4.99 3.14
CAR 0.0 1 0.0 0 0 0 0 1.5 1.9 4.1 15.01 48.92 -7.6 3.14
CAR 0.0 0 0.0 0 0 0 0 1.5 1.9 4.1 43.97 14.12 -6.1 3.14
TRAILER 0.0 0 0.0 0 0 0 0 4.15 3.0 11.0 39.8 7.19 -4.89 3.14
CAR 0.0 0 0.0 0 0 0 0 1.5 1.9 4.1 28.0 43.69 -6.86 3.14
CAR 0.0 0 0.0 0 0 0 0 1.5 1.9 4.1 45.19 11.04 -6.24 3.14
PEDESTRIAN 0.0 1 0.0 0 0 0 0 1.73 0.7 0.72 41.22 -8.77 -5.95 3.14
