CAR 0.0 0 0.0 0 0 0 0 1.55 1.9 4.7 21.42 -26.2 -6.47 3.14
CAR 0.0 1 0.0 0 0 0 0 1.5 1.9 4.1 31.41 -28.42 -6.55 3.14
CAR 0.0 0 0.0 0 0 0 0 1.5 2.04 4.4 21.64 -33.36 -6.44 3.14
CAR 0.0 0 0.0 0 0 0 0 1.6 1.9 4.1 15.74 31.52 -7.45 3.14
CAR 0.0 1 0.0 0 0 0 0 1.5 1.9 4.1 16.83 37.48 -7.45 3.14
CAR 0.0 1 0.0 0 0 0 0 1.5 1.9 4.1 28.07 -26.95 -6.41 3.14
CAR 0.0 0 0.0 0 0 0 0 1.5 1.9 4.1 31.96 -35.51 -6.42 3.14
CAR 0.0 1 0.0 0 0 0 0 1.55 1.9 4.1 12.83 36.28 -7.63 3.14
CAR 0.0 0 0.0 0 0 0 0 1.65 1.87 4.1 11.6 29.84 -7.54 3.14
TRUCK 0.0 1 0.0 0 0 0 0 4.08 3.0 5.83 23.23 -6.96 -4.99 3.14
CAR 0.0 1 0.0 0 0 0 0 1.5 1.9 4.1 15.1 48.69 -7.6 3.14
CAR 0.0 0 0.0 0 0 0 0 1.5 1.9 4.1 43.96 14.17 -6.1 3.14
TRAILER 0.0 0 0.0 0 0 0 0 4.15 3.0 11.0 24.29 -1.02 -4.89 3.14
PEDESTRIAN 0.0 1 0.0 0 0 0 0 1.73 0.7 0.72 41.33 -8.85 -5.95 3.14
VAN 0.0 0 0.0 0 0 0 0 2.0 2.2 6.0 22.29 -41.9 -6.09 3.14
VAN 0.0 0 0.0 0 0 0 0 2.01 2.2 5.98 55.55 8.72 -5.37 3.14
CAR 0.0 1 0.0 0 0 0 0 1.5 1.9 4.1 26.0 -43.37 -6.43 3.14
CAR 0.0 0 0.0 0 0 0 0 1.5 1.9 4.1 43.39 10.53 -6.42 3.14
