CAR 0.0 0 0.0 0 0 0 0 1.55 1.9 4.7 21.42 -26.23 -6.47 3.14
CAR 0.0 1 0.0 0 0 0 0 1.5 1.9 4.1 31.29 -28.41 -6.55 3.14
CAR 0.0 0 0.0 0 0 0 0 1.5 2.04 4.4 21.59 -33.37 -6.44 3.14
CAR 0.0 0 0.0 0 0 0 0 1.6 1.9 4.1 15.64 31.48 -7.45 3.14
CAR 0.0 1 0.0 0 0 0 0 1.5 1.9 4.1 16.8 37.45 -7.45 3.14
CAR 0.0 1 0.0 0 0 0 0 1.5 1.9 4.1 28.08 -26.92 -6.41 3.14
CAR 0.0 0 0.0 0 0 0 0 1.5 1.9 4.1 32.02 -35.43 -6.42 3.14
CAR 0.0 1 0.0 0 0 0 0 1.55 1.9 4.1 12.86 36.2 -7.63 3.14
CAR 0.0 0 0.0 0 0 0 0 1.65 1.87 4.1 11.53 29.82 -7.54 3.14
CAR 0.0 1 0.0 0 0 0 0 1.5 1.9 4.1 15.28 48.64 -7.6 3.14
CAR 0.0 0 0.0 0 0 0 0 1.5 1.9 4.1 43.92 14.2 -6.1 3.14
TRAILER 0.0 0 0.0 0 0 0 0 4.15 3.0 11.0 49.92 -2.05 -4.89 3.14
VAN 0.0 0 0.0 0 0 0 0 2.0 2.2 6.0 22.06 -40.45 -6.09 3.14
VAN 0.0 0 0.0 0 0 0 0 2.01 2.2 5.98 31.9 6.12 -5.37 3.14
CAR 0.0 1 0.0 0 0 0 0 1.5 1.9 4.1 43.36 10.94 -6.42 3.14
VAN 0.0 0 0.0 0 0 0 0 2.37 2.21 6.0 13.93 -8.55 -6.1 3.14
CAR 0.0 0 0.0 0 0 0 0 1.5 1.9 4.45 20.35 1.86 -6.61 3.14
PEDESTRIAN 0.0 1 0.0 0 0 0 0 1.7 0.7 0.7 41.37 -8.85 -6.0 3.14
CAR 0.0 1 0.0 0 0 0 0 1.5 1.9 4.1 25.19 -37.57 -6.38 3.14
CAR 0.0 1 0.0 0 0 0 0 1.53 1.9 4.1 43.63 7.59 -6.36 3.14
CAR 0.0 0 0.0 0 0 0 0 1.5 1.9 4.1 -64.48 -8.45 -8.35 3.14
