CAR 0.0 0 0.0 0 0 0 0 1.55 1.9 4.7 21.43 -26.23 -6.47 3.14
CAR 0.0 1 0.0 0 0 0 0 1.5 1.9 4.1 31.42 -28.4 -6.55 3.14
CAR 0.0 0 0.0 0 0 0 0 1.5 2.04 4.4 21.65 -33.35 -6.44 3.14
CAR 0.0 0 0.0 0 0 0 0 1.6 1.9 4.1 15.65 31.51 -7.45 3.14
CAR 0.0 1 0.0 0 0 0 0 1.5 1.9 4.1 16.83 37.46 -7.45 3.14
CAR 0.0 1 0.0 0 0 0 0 1.5 1.9 4.1 28.05 -26.94 -6.41 3.14
CAR 0.0 0 0.0 0 0 0 0 1.5 1.9 4.1 31.93 -35.42 -6.42 3.14
CAR 0.0 1 0.0 0 0 0 0 1.55 1.9 4.1 12.85 36.2 -7.63 3.14
CAR 0.0 0 0.0 0 0 0 0 1.65 1.87 4.1 11.56 29.84 -7.54 3.14
CAR 0.0 1 0.0 0 0 0 0 1.5 1.9 4.1 15.16 48.66 -7.6 3.14
CAR 0.0 0 0.0 0 0 0 0 1.5 1.9 4.1 43.96 14.21 -6.1 3.14
TRAILER 0.0 0 0.0 0 0 0 0 4.15 3.0 11.0 62.91 1.06 -4.89 3.14
VAN 0.0 0 0.0 0 0 0 0 2.0 2.2 6.0 22.01 -40.56 -6.09 3.14
VAN 0.0 0 0.0 0 0 0 0 2.01 2.2 5.98 20.37 0.91 -5.37 3.14
CAR 0.0 1 0.0 0 0 0 0 1.5 1.9 4.1 43.22 10.91 -6.42 3.14
VAN 0.0 0 0.0 0 0 0 0 2.37 2.21 6.0 13.06 -26.22 -6.1 3.14
CAR 0.0 0 0.0 0 0 0 0 1.5 1.9 4.45 15.19 -7.7 -6.61 3.14
PEDESTRIAN 0.0 1 0.0 0 0 0 0 1.7 0.7 0.7 41.37 -8.85 -6.0 3.14
CAR 0.0 1 0.0 0 0 0 0 1.5 1.9 4.1 25.03 -35.89 -6.38 3.14
CAR 0.0 0 0.0 0 0 0 0 1.53 1.9 4.1 34.35 6.51 -6.36 3.14
CAR 0.0 1 0.0 0 0 0 0 1.5 1.9 4.1 43.09 7.4 -6.21 3.14
CAR 0.0 0 0.0 0 0 0 0 1.5 1.9 4.1 -44.46 -8.38 -8.33 3.14
CAR 0.0 0 0.0 0 0 0 0 1.5 1.9 4.1 -62.69 -7.66 -8.36 3.14
