CAR 0.0 0 0.0 0 0 0 0 1.55 1.9 4.7 21.42 -26.24 -6.47 3.14
CAR 0.0 1 0.0 0 0 0 0 1.5 1.9 4.1 31.42 -28.4 -6.55 3.14
CAR 0.0 0 0.0 0 0 0 0 1.5 2.04 4.4 21.6 -33.35 -6.44 3.14
CAR 0.0 0 0.0 0 0 0 0 1.6 1.9 4.1 15.65 31.52 -7.45 3.14
CAR 0.0 1 0.0 0 0 0 0 1.5 1.9 4.1 16.89 37.44 -7.45 3.14
CAR 0.0 1 0.0 0 0 0 0 1.5 1.9 4.1 28.07 -26.96 -6.41 3.14
CAR 0.0 0 0.0 0 0 0 0 1.5 1.9 4.1 31.92 -35.43 -6.42 3.14
CAR 0.0 1 0.0 0 0 0 0 1.55 1.9 4.1 12.84 36.2 -7.63 3.14
CAR 0.0 0 0.0 0 0 0 0 1.65 1.87 4.1 11.54 29.83 -7.54 3.14
CAR 0.0 1 0.0 0 0 0 0 1.5 1.9 4.1 15.26 48.63 -7.6 3.14
CAR 0.0 0 0.0 0 0 0 0 1.5 1.9 4.1 43.94 14.2 -6.1 3.14
TRAILER 0.0 0 0.0 0 0 0 0 4.15 3.0 11.0 74.05 2.89 -4.89 3.14
VAN 0.0 0 0.0 0 0 0 0 2.0 2.2 6.0 22.01 -40.61 -6.09 3.14
VAN 0.0 0 0.0 0 0 0 0 2.01 2.2 5.98 14.47 -7.14 -5.37 3.14
CAR 0.0 1 0.0 0 0 0 0 1.5 1.9 4.1 43.22 10.91 -6.42 3.14
CAR 0.0 0 0.0 0 0 0 0 1.5 1.9 4.45 12.53 -19.75 -6.61 3.14
PEDESTRIAN 0.0 1 0.0 0 0 0 0 1.7 0.7 0.7 41.37 -8.85 -6.0 3.14
CAR 0.0 1 0.0 0 0 0 0 1.5 1.9 4.1 25.09 -35.94 -6.38 3.14
CAR 0.0 0 0.0 0 0 0 0 1.53 1.9 4.1 26.08 4.06 -6.36 3.14
CAR 0.0 0 0.0 0 0 0 0 1.5 1.9 4.1 35.12 6.72 -6.21 3.14
CAR 0.0 0 0.0 0 0 0 0 1.5 1.9 4.1 -33.61 -7.96 -8.33 3.14
CAR 0.0 0 0.0 0 0 0 0 1.5 1.9 4.1 -50.59 -7.86 -8.36 3.14
