CAR 0.0 0 0.0 0 0 0 0 1.55 1.9 4.7 21.43 -26.23 -6.47 3.14
CAR 0.0 1 0.0 0 0 0 0 1.5 1.9 4.1 31.42 -28.4 -6.55 3.14
CAR 0.0 0 0.0 0 0 0 0 1.5 2.04 4.4 21.6 -33.36 -6.44 3.14
CAR 0.0 0 0.0 0 0 0 0 1.6 1.9 4.1 15.65 31.52 -7.45 3.14
CAR 0.0 1 0.0 0 0 0 0 1.5 1.9 4.1 16.89 37.44 -7.45 3.14
CAR 0.0 1 0.0 0 0 0 0 1.5 1.9 4.1 28.1 -26.88 -6.41 3.14
CAR 0.0 0 0.0 0 0 0 0 1.5 1.9 4.1 31.93 -35.43 -6.42 3.14
CAR 0.0 1 0.0 0 0 0 0 1.55 1.9 4.1 12.86 36.22 -7.63 3.14
CAR 0.0 0 0.0 0 0 0 0 1.65 1.87 4.1 11.54 29.83 -7.54 3.14
CAR 0.0 1 0.0 0 0 0 0 1.5 1.9 4.1 15.27 48.63 -7.6 3.14
CAR 0.0 0 0.0 0 0 0 0 1.5 1.9 4.1 43.96 14.2 -6.1 3.14
TRAILER 0.0 0 0.0 0 0 0 0 4.15 3.0 11.0 75.0 3.03 -4.89 3.14
VAN 0.0 0 0.0 0 0 0 0 2.0 2.2 6.0 22.01 -40.62 -6.09 3.14
VAN 0.0 0 0.0 0 0 0 0 2.01 2.2 5.98 14.12 -7.89 -5.37 3.14
CAR 0.0 1 0.0 0 0 0 0 1.5 1.9 4.1 43.22 10.91 -6.42 3.14
CAR 0.0 0 0.0 0 0 0 0 1.5 1.9 4.45 12.61 -20.77 -6.61 3.14
PEDESTRIAN 0.0 1 0.0 0 0 0 0 1.7 0.7 0.7 41.37 -8.85 -6.0 3.14
CAR 0.0 1 0.0 0 0 0 0 1.5 1.9 4.1 25.09 -35.87 -6.38 3.14
CAR 0.0 0 0.0 0 0 0 0 1.53 1.9 4.1 25.4 3.72 -6.36 3.14
CAR 0.0 0 0.0 0 0 0 0 1.5 1.9 4.1 34.49 6.66 -6.21 3.14
CAR 0.0 0 0.0 0 0 0 0 1.5 1.9 4.1 -32.92 -7.9 -8.33 3.14
CAR 0.0 0 0.0 0 0 0 0 1.5 1.9 4.1 -49.78 -7.79 -8.36 3.14
