CAR 0.0 0 0.0 0 0 0 0 1.55 1.9 4.7 21.43 -26.23 -6.47 3.14
CAR 0.0 1 0.0 0 0 0 0 1.5 1.9 4.1 31.4 -28.39 -6.55 3.14
CAR 0.0 0 0.0 0 0 0 0 1.5 2.04 4.4 21.58 -33.08 -6.44 3.14
CAR 0.0 0 0.0 0 0 0 0 1.6 1.9 4.1 15.66 31.54 -7.45 3.14
CAR 0.0 1 0.0 0 0 0 0 1.5 1.9 4.1 16.81 37.47 -7.45 3.14
CAR 0.0 1 0.0 0 0 0 0 1.5 1.9 4.1 28.06 -26.96 -6.41 3.14
CAR 0.0 0 0.0 0 0 0 0 1.5 1.9 4.1 31.94 -35.4 -6.42 3.14
CAR 0.0 1 0.0 0 0 0 0 1.55 1.9 4.1 12.88 36.25 -7.63 3.14
CAR 0.0 0 0.0 0 0 0 0 1.65 1.87 4.1 11.54 29.83 -7.54 3.14
CAR 0.0 1 0.0 0 0 0 0 1.5 1.9 4.1 15.19 48.65 -7.6 3.14
CAR 0.0 0 0.0 0 0 0 0 1.5 1.9 4.1 43.93 14.2 -6.1 3.14
TRAILER 0.0 0 0.0 0 0 0 0 4.15 3.0 11.0 84.6 5.22 -4.89 3.14
VAN 0.0 0 0.0 0 0 0 0 2.0 2.2 6.0 22.01 -40.64 -6.09 3.14
VAN 0.0 0 0.0 0 0 0 0 2.01 2.2 5.98 12.21 -16.22 -5.37 3.14
CAR 0.0 1 0.0 0 0 0 0 1.5 1.9 4.1 43.22 10.91 -6.42 3.14
CAR 0.0 0 0.0 0 0 0 0 1.5 1.9 4.45 13.33 -31.47 -6.61 3.14
PEDESTRIAN 0.0 1 0.0 0 0 0 0 1.7 0.7 0.7 41.37 -8.85 -6.0 3.14
CAR 0.0 1 0.0 0 0 0 0 1.5 1.9 4.1 25.2 -35.96 -6.38 3.14
CAR 0.0 0 0.0 0 0 0 0 1.53 1.9 4.1 19.41 -1.43 -6.36 3.14
CAR 0.0 0 0.0 0 0 0 0 1.5 1.9 4.1 27.85 5.06 -6.21 3.14
CAR 0.0 0 0.0 0 0 0 0 1.5 1.9 4.1 -26.13 -7.73 -8.33 3.14
CAR 0.0 0 0.0 0 0 0 0 1.5 1.9 4.1 -42.11 -7.66 -8.36 3.14
CAR 0.0 1 0.0 0 0 0 0 1.5 1.9 4.1 14.36 42.86 -7.63 3.14
VAN 0.0 0 0.0 0 0 0 0 2.55 2.13 5.47 16.36 -57.88 -5.88 3.14
