CAR 0.0 0 0.0 0 0 0 0 1.55 1.9 4.7 21.44 -26.23 -6.47 3.14
CAR 0.0 1 0.0 0 0 0 0 1.5 1.9 4.1 31.43 -28.4 -6.55 3.14
CAR 0.0 0 0.0 0 0 0 0 1.5 2.04 4.4 21.62 -33.35 -6.44 3.14
CAR 0.0 0 0.0 0 0 0 0 1.6 1.9 4.1 15.66 31.55 -7.45 3.14
CAR 0.0 1 0.0 0 0 0 0 1.5 1.9 4.1 16.84 37.45 -7.45 3.14
CAR 0.0 1 0.0 0 0 0 0 1.5 1.9 4.1 28.05 -26.95 -6.41 3.14
CAR 0.0 0 0.0 0 0 0 0 1.5 1.9 4.1 31.93 -35.44 -6.42 3.14
CAR 0.0 1 0.0 0 0 0 0 1.55 1.9 4.1 12.85 36.2 -7.63 3.14
CAR 0.0 0 0.0 0 0 0 0 1.65 1.87 4.1 11.53 29.81 -7.54 3.14
CAR 0.0 1 0.0 0 0 0 0 1.5 1.9 4.1 15.23 48.63 -7.6 3.14
CAR 0.0 0 0.0 0 0 0 0 1.5 1.9 4.1 43.96 14.21 -6.1 3.14
TRAILER 0.0 0 0.0 0 0 0 0 4.15 3.0 11.0 61.29 0.62 -4.89 3.14
VAN 0.0 0 0.0 0 0 0 0 2.0 2.2 6.0 22.01 -40.55 -6.09 3.14
VAN 0.0 0 0.0 0 0 0 0 2.01 2.2 5.98 21.51 1.85 -5.37 3.14
CAR 0.0 1 0.0 0 0 0 0 1.5 1.9 4.1 43.21 10.91 -6.42 3.14
VAN 0.0 0 0.0 0 0 0 0 2.37 2.21 6.0 12.92 -23.93 -6.1 3.14
CAR 0.0 0 0.0 0 0 0 0 1.5 1.9 4.45 15.82 -6.68 -6.61 3.14
PEDESTRIAN 0.0 1 0.0 0 0 0 0 1.7 0.7 0.7 41.37 -8.85 -6.0 3.14
CAR 0.0 1 0.0 0 0 0 0 1.5 1.9 4.1 25.0 -35.96 -6.38 3.14
CAR 0.0 0 0.0 0 0 0 0 1.53 1.9 4.1 35.49 6.77 -6.36 3.14
CAR 0.0 1 0.0 0 0 0 0 1.5 1.9 4.1 44.22 7.52 -6.21 3.14
CAR 0.0 0 0.0 0 0 0 0 1.5 1.9 4.1 -46.35 -8.4 -8.33 3.14
