CAR 0.0 0 0.0 0 0 0 0 1.55 1.9 4.7 21.43 -26.24 -6.47 3.14
CAR 0.0 1 0.0 0 0 0 0 1.5 1.9 4.1 31.29 -28.4 -6.55 3.14
CAR 0.0 0 0.0 0 0 0 0 1.5 2.04 4.4 21.59 -33.36 -6.44 3.14
CAR 0.0 0 0.0 0 0 0 0 1.6 1.9 4.1 15.66 31.54 -7.45 3.14
CAR 0.0 1 0.0 0 0 0 0 1.5 1.9 4.1 16.82 37.42 -7.45 3.14
CAR 0.0 1 0.0 0 0 0 0 1.5 1.9 4.1 28.09 -26.94 -6.41 3.14
CAR 0.0 0 0.0 0 0 0 0 1.5 1.9 4.1 31.98 -35.3 -6.42 3.14
CAR 0.0 1 0.0 0 0 0 0 1.55 1.9 4.1 12.88 36.23 -7.63 3.14
CAR 0.0 0 0.0 0 0 0 0 1.65 1.87 4.1 11.56 29.84 -7.54 3.14
CAR 0.0 1 0.0 0 0 0 0 1.5 1.9 4.1 15.28 48.64 -7.6 3.14
CAR 0.0 0 0.0 0 0 0 0 1.5 1.9 4.1 43.95 14.2 -6.1 3.14
TRAILER 0.0 0 0.0 0 0 0 0 4.15 3.0 11.0 41.36 -4.25 -4.89 3.14
VAN 0.0 0 0.0 0 0 0 0 2.0 2.2 6.0 22.01 -40.57 -6.09 3.14
VAN 0.0 0 0.0 0 0 0 0 2.01 2.2 5.98 38.51 6.95 -5.37 3.14
CAR 0.0 1 0.0 0 0 0 0 1.5 1.9 4.1 24.95 -30.86 -6.43 3.14
CAR 0.0 1 0.0 0 0 0 0 1.5 1.9 4.1 43.39 10.94 -6.42 3.14
VAN 0.0 0 0.0 0 0 0 0 2.37 2.21 6.0 17.77 -0.7 -6.1 3.14
CAR 0.0 0 0.0 0 0 0 0 1.5 1.9 4.45 26.55 5.38 -6.61 3.14
PEDESTRIAN 0.0 1 0.0 0 0 0 0 1.7 0.7 0.7 41.37 -8.85 -6.0 3.14
CAR 0.0 1 0.0 0 0 0 0 1.5 1.9 4.1 25.27 -39.84 -6.38 3.14
