CAR 0.0 0 0.0 0 0 0 0 1.55 1.9 4.7 21.44 -26.2 -6.47 3.14
CAR 0.0 1 0.0 0 0 0 0 1.5 1.9 4.1 31.4 -28.39 -6.55 3.14
CAR 0.0 0 0.0 0 0 0 0 1.5 2.04 4.4 21.58 -33.0 -6.44 3.14
CAR 0.0 0 0.0 0 0 0 0 1.6 1.9 4.1 15.66 31.54 -7.45 3.14
CAR 0.0 1 0.0 0 0 0 0 1.5 1.9 4.1 16.82 37.45 -7.45 3.14
CAR 0.0 1 0.0 0 0 0 0 1.5 1.9 4.1 28.05 -26.96 -6.41 3.14
CAR 0.0 0 0.0 0 0 0 0 1.5 1.9 4.1 31.92 -35.41 -6.42 3.14
CAR 0.0 1 0.0 0 0 0 0 1.55 1.9 4.1 12.89 36.27 -7.63 3.14
CAR 0.0 0 0.0 0 0 0 0 1.65 1.87 4.1 11.54 29.83 -7.54 3.14
CAR 0.0 1 0.0 0 0 0 0 1.5 1.9 4.1 15.16 48.65 -7.6 3.14
CAR 0.0 0 0.0 0 0 0 0 1.5 1.9 4.1 43.95 14.22 -6.1 3.14
TRAILER 0.0 0 0.0 0 0 0 0 4.15 3.0 11.0 86.16 5.36 -4.89 3.14
VAN 0.0 0 0.0 0 0 0 0 2.0 2.2 6.0 22.01 -40.6 -6.09 3.14
VAN 0.0 0 0.0 0 0 0 0 2.01 2.2 5.98 12.19 -17.5 -5.37 3.14
CAR 0.0 1 0.0 0 0 0 0 1.5 1.9 4.1 43.22 10.91 -6.42 3.14
CAR 0.0 0 0.0 0 0 0 0 1.5 1.9 4.45 13.29 -33.43 -6.61 3.14
PEDESTRIAN 0.0 1 0.0 0 0 0 0 1.7 0.7 0.7 41.37 -8.85 -6.0 3.14
CAR 0.0 1 0.0 0 0 0 0 1.5 1.9 4.1 25.21 -35.97 -6.38 3.14
CAR 0.0 0 0.0 0 0 0 0 1.53 1.9 4.1 18.68 -2.34 -6.36 3.14
CAR 0.0 0 0.0 0 0 0 0 1.5 1.9 4.1 26.99 4.68 -6.21 3.14
CAR 0.0 0 0.0 0 0 0 0 1.5 1.9 4.1 -26.14 -7.59 -8.33 3.14
CAR 0.0 0 0.0 0 0 0 0 1.5 1.9 4.1 -41.2 -7.72 -8.36 3.14
CAR 0.0 1 0.0 0 0 0 0 1.5 1.9 4.1 14.36 42.86 -7.63 3.14
VAN 0.0 0 0.0 0 0 0 0 2.55 2.13 5.47 17.23 -60.64 -5.88 3.14
