CAR 0.0 0 0.0 0 0 0 0 1.55 1.9 4.7 21.45 -26.23 -6.47 3.14
CAR 0.0 1 0.0 0 0 0 0 1.5 1.9 4.1 31.29 -28.43 -6.55 3.14
CAR 0.0 0 0.0 0 0 0 0 1.5 2.04 4.4 21.59 -33.37 -6.44 3.14
CAR 0.0 0 0.0 0 0 0 0 1.6 1.9 4.1 15.65 31.55 -7.45 3.14
CAR 0.0 1 0.0 0 0 0 0 1.5 1.9 4.1 16.83 37.48 -7.45 3.14
CAR 0.0 1 0.0 0 0 0 0 1.5 1.9 4.1 28.06 -26.97 -6.41 3.14
CAR 0.0 0 0.0 0 0 0 0 1.5 1.9 4.1 32.01 -35.42 -6.42 3.14
CAR 0.0 1 0.0 0 0 0 0 1.55 1.9 4.1 12.86 36.2 -7.63 3.14
CAR 0.0 0 0.0 0 0 0 0 1.65 1.87 4.1 11.53 29.83 -7.54 3.14
CAR 0.0 1 0.0 0 0 0 0 1.5 1.9 4.1 15.28 48.64 -7.6 3.14
CAR 0.0 0 0.0 0 0 0 0 1.5 1.9 4.1 43.88 14.19 -6.1 3.14
TRAILER 0.0 0 0.0 0 0 0 0 4.15 3.0 11.0 49.19 -2.27 -4.89 3.14
VAN 0.0 0 0.0 0 0 0 0 2.0 2.2 6.0 22.02 -40.55 -6.09 3.14
VAN 0.0 0 0.0 0 0 0 0 2.01 2.2 5.98 32.54 6.26 -5.37 3.14
CAR 0.0 1 0.0 0 0 0 0 1.5 1.9 4.1 43.35 10.92 -6.42 3.14
VAN 0.0 0 0.0 0 0 0 0 2.37 2.21 6.0 14.16 -7.78 -6.1 3.14
CAR 0.0 0 0.0 0 0 0 0 1.5 1.9 4.45 20.85 2.27 -6.61 3.14
PEDESTRIAN 0.0 1 0.0 0 0 0 0 1.7 0.7 0.7 41.37 -8.85 -6.0 3.14
CAR 0.0 1 0.0 0 0 0 0 1.5 1.9 4.1 25.19 -37.78 -6.38 3.14
CAR 0.0 1 0.0 0 0 0 0 1.53 1.9 4.1 44.09 7.74 -6.36 3.14
CAR 0.0 0 0.0 0 0 0 0 1.5 1.9 4.1 -64.48 -8.45 -8.35 3.14
