CAR 0.0 0 0.0 0 0 0 0 1.55 1.9 4.7 21.45 -26.24 -6.47 3.14
CAR 0.0 1 0.0 0 0 0 0 1.5 1.9 4.1 31.29 -28.43 -6.55 3.14
CAR 0.0 0 0.0 0 0 0 0 1.5 2.04 4.4 21.59 -33.37 -6.44 3.14
CAR 0.0 0 0.0 0 0 0 0 1.6 1.9 4.1 15.64 31.52 -7.45 3.14
CAR 0.0 1 0.0 0 0 0 0 1.5 1.9 4.1 16.83 37.45 -7.45 3.14
CAR 0.0 1 0.0 0 0 0 0 1.5 1.9 4.1 28.08 -26.96 -6.41 3.14
CAR 0.0 0 0.0 0 0 0 0 1.5 1.9 4.1 31.93 -35.44 -6.42 3.14
CAR 0.0 1 0.0 0 0 0 0 1.55 1.9 4.1 12.87 36.2 -7.63 3.14
CAR 0.0 0 0.0 0 0 0 0 1.65 1.87 4.1 11.52 29.83 -7.54 3.14
CAR 0.0 1 0.0 0 0 0 0 1.5 1.9 4.1 15.28 48.64 -7.6 3.14
CAR 0.0 0 0.0 0 0 0 0 1.5 1.9 4.1 43.93 14.2 -6.1 3.14
TRAILER 0.0 0 0.0 0 0 0 0 4.15 3.0 11.0 47.72 -2.59 -4.89 3.14
VAN 0.0 0 0.0 0 0 0 0 2.0 2.2 6.0 22.03 -40.55 -6.09 3.14
VAN 0.0 0 0.0 0 0 0 0 2.01 2.2 5.98 33.79 6.43 -5.37 3.14
CAR 0.0 1 0.0 0 0 0 0 1.5 1.9 4.1 43.36 10.93 -6.42 3.14
VAN 0.0 0 0.0 0 0 0 0 2.37 2.21 6.0 14.66 -6.37 -6.1 3.14
CAR 0.0 0 0.0 0 0 0 0 1.5 1.9 4.45 21.78 3.06 -6.61 3.14
PEDESTRIAN 0.0 1 0.0 0 0 0 0 1.7 0.7 0.7 41.37 -8.85 -6.0 3.14
CAR 0.0 1 0.0 0 0 0 0 1.5 1.9 4.1 25.2 -38.11 -6.38 3.14
CAR 0.0 1 0.0 0 0 0 0 1.53 1.9 4.1 45.01 7.83 -6.36 3.14
CAR 0.0 0 0.0 0 0 0 0 1.5 1.9 4.1 -70.38 -8.11 -8.47 3.14
