CAR 0.0 0 0.0 0 0 0 0 1.55 1.9 4.7 21.41 -26.23 -6.47 3.14
CAR 0.0 1 0.0 0 0 0 0 1.5 1.9 4.1 31.29 -28.39 -6.55 3.14
CAR 0.0 0 0.0 0 0 0 0 1.5 2.04 4.4 21.59 -33.38 -6.44 3.14
CAR 0.0 0 0.0 0 0 0 0 1.6 1.9 4.1 15.65 31.53 -7.45 3.14
CAR 0.0 1 0.0 0 0 0 0 1.5 1.9 4.1 16.82 37.46 -7.45 3.14
CAR 0.0 1 0.0 0 0 0 0 1.5 1.9 4.1 28.08 -26.91 -6.41 3.14
CAR 0.0 0 0.0 0 0 0 0 1.5 1.9 4.1 31.99 -35.42 -6.42 3.14
CAR 0.0 1 0.0 0 0 0 0 1.55 1.9 4.1 12.86 36.2 -7.63 3.14
CAR 0.0 0 0.0 0 0 0 0 1.65 1.87 4.1 11.55 29.81 -7.54 3.14
CAR 0.0 1 0.0 0 0 0 0 1.5 1.9 4.1 15.28 48.64 -7.6 3.14
CAR 0.0 0 0.0 0 0 0 0 1.5 1.9 4.1 43.92 14.2 -6.1 3.14
TRAILER 0.0 0 0.0 0 0 0 0 4.15 3.0 11.0 52.04 -1.6 -4.89 3.14
VAN 0.0 0 0.0 0 0 0 0 2.0 2.2 6.0 22.01 -40.53 -6.09 3.14
VAN 0.0 0 0.0 0 0 0 0 2.01 2.2 5.98 29.95 5.67 -5.37 3.14
CAR 0.0 1 0.0 0 0 0 0 1.5 1.9 4.1 43.4 10.94 -6.42 3.14
VAN 0.0 0 0.0 0 0 0 0 2.37 2.21 6.0 13.34 -10.9 -6.1 3.14
CAR 0.0 0 0.0 0 0 0 0 1.5 1.9 4.45 18.97 0.54 -6.61 3.14
PEDESTRIAN 0.0 1 0.0 0 0 0 0 1.7 0.7 0.7 41.37 -8.85 -6.0 3.14
CAR 0.0 1 0.0 0 0 0 0 1.5 1.9 4.1 25.17 -37.18 -6.38 3.14
CAR 0.0 1 0.0 0 0 0 0 1.53 1.9 4.1 42.27 7.41 -6.36 3.14
CAR 0.0 0 0.0 0 0 0 0 1.5 1.9 4.1 -60.0 -8.39 -8.33 3.14
CAR 0.0 1 0.0 0 0 0 0 1.5 1.9 4.1 51.32 8.25 -6.21 3.14
